   1  0.0010   0.2031E-14
   2  0.0020   0.2088E-14
   3  0.0030   0.2074E-14
   4  0.0040   0.2078E-14
   5  0.0050   0.2084E-14
   6  0.0060   0.2099E-14
   7  0.0070   0.2104E-14
   8  0.0080   0.2104E-14
   9  0.0090   0.2105E-14
  10  0.0100   0.2119E-14
  11  0.0110   0.2128E-14
  12  0.0120   0.2125E-14
  13  0.0130   0.2139E-14
  14  0.0140   0.2141E-14
  15  0.0150   0.2145E-14
  16  0.0160   0.2154E-14
  17  0.0170   0.2154E-14
  18  0.0180   0.2167E-14
  19  0.0190   0.2168E-14
  20  0.0200   0.2180E-14
  21  0.0210   0.2180E-14
  22  0.0220   0.2190E-14
  23  0.0230   0.2193E-14
  24  0.0240   0.2203E-14
  25  0.0250   0.2205E-14
  26  0.0260   0.2213E-14
  27  0.0270   0.2220E-14
  28  0.0280   0.2225E-14
  29  0.0290   0.2232E-14
  30  0.0300   0.2237E-14
  31  0.0310   0.2245E-14
  32  0.0320   0.2250E-14
  33  0.0330   0.2257E-14
  34  0.0340   0.2264E-14
  35  0.0350   0.2269E-14
  36  0.0360   0.2277E-14
  37  0.0370   0.2282E-14
  38  0.0380   0.2289E-14
  39  0.0390   0.2296E-14
  40  0.0400   0.2302E-14
  41  0.0410   0.2309E-14
  42  0.0420   0.2316E-14
  43  0.0430   0.2322E-14
  44  0.0440   0.2329E-14
  45  0.0450   0.2336E-14
  46  0.0460   0.2342E-14
  47  0.0470   0.2350E-14
  48  0.0480   0.2356E-14
  49  0.0490   0.2363E-14
  50  0.0500   0.2370E-14
  51  0.0510   0.2376E-14
  52  0.0520   0.2383E-14
  53  0.0530   0.2390E-14
  54  0.0540   0.2397E-14
  55  0.0550   0.2404E-14
  56  0.0560   0.2411E-14
  57  0.0570   0.2418E-14
  58  0.0580   0.2425E-14
  59  0.0590   0.2432E-14
  60  0.0600   0.2439E-14
  61  0.0610   0.2446E-14
  62  0.0620   0.2453E-14
  63  0.0630   0.2460E-14
  64  0.0640   0.2467E-14
  65  0.0650   0.2474E-14
  66  0.0660   0.2481E-14
  67  0.0670   0.2488E-14
  68  0.0680   0.2495E-14
  69  0.0690   0.2503E-14
  70  0.0700   0.2510E-14
  71  0.0710   0.2517E-14
  72  0.0720   0.2524E-14
  73  0.0730   0.2531E-14
  74  0.0740   0.2539E-14
  75  0.0750   0.2546E-14
  76  0.0760   0.2553E-14
  77  0.0770   0.2560E-14
  78  0.0780   0.2568E-14
  79  0.0790   0.2575E-14
  80  0.0800   0.2582E-14
  81  0.0810   0.2590E-14
  82  0.0820   0.2597E-14
  83  0.0830   0.2604E-14
  84  0.0840   0.2612E-14
  85  0.0850   0.2619E-14
  86  0.0860   0.2626E-14
  87  0.0870   0.2634E-14
  88  0.0880   0.2641E-14
  89  0.0890   0.2649E-14
  90  0.0900   0.2656E-14
  91  0.0910   0.2663E-14
  92  0.0920   0.2671E-14
  93  0.0930   0.2678E-14
  94  0.0940   0.2686E-14
  95  0.0950   0.2693E-14
  96  0.0960   0.2701E-14
  97  0.0970   0.2708E-14
  98  0.0980   0.2716E-14
  99  0.0990   0.2723E-14
 100  0.1000   0.2731E-14
 101  0.1010   0.2738E-14
 102  0.1020   0.2746E-14
 103  0.1030   0.2753E-14
 104  0.1040   0.2761E-14
 105  0.1050   0.2768E-14
 106  0.1060   0.2776E-14
 107  0.1070   0.2783E-14
 108  0.1080   0.2791E-14
 109  0.1090   0.2799E-14
 110  0.1100   0.2806E-14
 111  0.1110   0.2814E-14
 112  0.1120   0.2821E-14
 113  0.1130   0.2829E-14
 114  0.1140   0.2837E-14
 115  0.1150   0.2844E-14
 116  0.1160   0.2852E-14
 117  0.1170   0.2860E-14
 118  0.1180   0.2867E-14
 119  0.1190   0.2875E-14
 120  0.1200   0.2883E-14
 121  0.1210   0.2890E-14
 122  0.1220   0.2898E-14
 123  0.1230   0.2906E-14
 124  0.1240   0.2913E-14
 125  0.1250   0.2921E-14
 126  0.1260   0.2929E-14
 127  0.1270   0.2937E-14
 128  0.1280   0.2944E-14
 129  0.1290   0.2952E-14
 130  0.1300   0.2960E-14
 131  0.1310   0.2967E-14
 132  0.1320   0.2975E-14
 133  0.1330   0.2983E-14
 134  0.1340   0.2991E-14
 135  0.1350   0.2998E-14
 136  0.1360   0.3006E-14
 137  0.1370   0.3014E-14
 138  0.1380   0.3022E-14
 139  0.1390   0.3030E-14
 140  0.1400   0.3037E-14
 141  0.1410   0.3045E-14
 142  0.1420   0.3053E-14
 143  0.1430   0.3061E-14
 144  0.1440   0.3069E-14
 145  0.1450   0.3076E-14
 146  0.1460   0.3084E-14
 147  0.1470   0.3092E-14
 148  0.1480   0.3100E-14
 149  0.1490   0.3108E-14
 150  0.1500   0.3116E-14
 151  0.1510   0.3123E-14
 152  0.1520   0.3131E-14
 153  0.1530   0.3139E-14
 154  0.1540   0.3147E-14
 155  0.1550   0.3155E-14
 156  0.1560   0.3163E-14
 157  0.1570   0.3171E-14
 158  0.1580   0.3178E-14
 159  0.1590   0.3186E-14
 160  0.1600   0.3194E-14
 161  0.1610   0.3202E-14
 162  0.1620   0.3210E-14
 163  0.1630   0.3218E-14
 164  0.1640   0.3226E-14
 165  0.1650   0.3234E-14
 166  0.1660   0.3242E-14
 167  0.1670   0.3250E-14
 168  0.1680   0.3257E-14
 169  0.1690   0.3265E-14
 170  0.1700   0.3273E-14
 171  0.1710   0.3281E-14
 172  0.1720   0.3289E-14
 173  0.1730   0.3297E-14
 174  0.1740   0.3305E-14
 175  0.1750   0.3313E-14
 176  0.1760   0.3321E-14
 177  0.1770   0.3329E-14
 178  0.1780   0.3337E-14
 179  0.1790   0.3345E-14
 180  0.1800   0.3353E-14
 181  0.1810   0.3361E-14
 182  0.1820   0.3369E-14
 183  0.1830   0.3377E-14
 184  0.1840   0.3385E-14
 185  0.1850   0.3393E-14
 186  0.1860   0.3401E-14
 187  0.1870   0.3409E-14
 188  0.1880   0.3417E-14
 189  0.1890   0.3425E-14
 190  0.1900   0.3433E-14
 191  0.1910   0.3440E-14
 192  0.1920   0.3448E-14
 193  0.1930   0.3456E-14
 194  0.1940   0.3465E-14
 195  0.1950   0.3473E-14
 196  0.1960   0.3481E-14
 197  0.1970   0.3489E-14
 198  0.1980   0.3497E-14
 199  0.1990   0.3505E-14
 200  0.2000   0.3513E-14
 201  0.2010   0.3521E-14
 202  0.2020   0.3529E-14
 203  0.2030   0.3537E-14
 204  0.2040   0.3545E-14
 205  0.2050   0.3553E-14
 206  0.2060   0.3561E-14
 207  0.2070   0.3569E-14
 208  0.2080   0.3577E-14
 209  0.2090   0.3585E-14
 210  0.2100   0.3593E-14
 211  0.2110   0.3601E-14
 212  0.2120   0.3609E-14
 213  0.2130   0.3617E-14
 214  0.2140   0.3625E-14
 215  0.2150   0.3633E-14
 216  0.2160   0.3641E-14
 217  0.2170   0.3649E-14
 218  0.2180   0.3657E-14
 219  0.2190   0.3665E-14
 220  0.2200   0.3674E-14
 221  0.2210   0.3682E-14
 222  0.2220   0.3690E-14
 223  0.2230   0.3698E-14
 224  0.2240   0.3706E-14
 225  0.2250   0.3714E-14
 226  0.2260   0.3722E-14
 227  0.2270   0.3730E-14
 228  0.2280   0.3738E-14
 229  0.2290   0.3746E-14
 230  0.2300   0.3754E-14
 231  0.2310   0.3762E-14
 232  0.2320   0.3771E-14
 233  0.2330   0.3779E-14
 234  0.2340   0.3787E-14
 235  0.2350   0.3795E-14
 236  0.2360   0.3803E-14
 237  0.2370   0.3811E-14
 238  0.2380   0.3819E-14
 239  0.2390   0.3827E-14
 240  0.2400   0.3835E-14
 241  0.2410   0.3843E-14
 242  0.2420   0.3852E-14
 243  0.2430   0.3860E-14
 244  0.2440   0.3868E-14
 245  0.2450   0.3876E-14
 246  0.2460   0.3884E-14
 247  0.2470   0.3892E-14
 248  0.2480   0.3900E-14
 249  0.2490   0.3908E-14
 250  0.2500   0.3916E-14
 251  0.2510   0.3925E-14
 252  0.2520   0.3933E-14
 253  0.2530   0.3941E-14
 254  0.2540   0.3949E-14
 255  0.2550   0.3957E-14
 256  0.2560   0.3965E-14
 257  0.2570   0.3973E-14
 258  0.2580   0.3981E-14
 259  0.2590   0.3990E-14
 260  0.2600   0.3998E-14
 261  0.2610   0.4006E-14
 262  0.2620   0.4014E-14
 263  0.2630   0.4022E-14
 264  0.2640   0.4030E-14
 265  0.2650   0.4038E-14
 266  0.2660   0.4047E-14
 267  0.2670   0.4055E-14
 268  0.2680   0.4063E-14
 269  0.2690   0.4071E-14
 270  0.2700   0.4079E-14
 271  0.2710   0.4087E-14
 272  0.2720   0.4095E-14
 273  0.2730   0.4103E-14
 274  0.2740   0.4112E-14
 275  0.2750   0.4120E-14
 276  0.2760   0.4128E-14
 277  0.2770   0.4136E-14
 278  0.2780   0.4144E-14
 279  0.2790   0.4152E-14
 280  0.2800   0.4161E-14
 281  0.2810   0.4169E-14
 282  0.2820   0.4177E-14
 283  0.2830   0.4185E-14
 284  0.2840   0.4193E-14
 285  0.2850   0.4201E-14
 286  0.2860   0.4209E-14
 287  0.2870   0.4218E-14
 288  0.2880   0.4226E-14
 289  0.2890   0.4234E-14
 290  0.2900   0.4242E-14
 291  0.2910   0.4250E-14
 292  0.2920   0.4258E-14
 293  0.2930   0.4266E-14
 294  0.2940   0.4275E-14
 295  0.2950   0.4283E-14
 296  0.2960   0.4291E-14
 297  0.2970   0.4299E-14
 298  0.2980   0.4307E-14
 299  0.2990   0.4315E-14
 300  0.3000   0.4324E-14
 301  0.3010   0.4332E-14
 302  0.3020   0.4340E-14
 303  0.3030   0.4348E-14
 304  0.3040   0.4356E-14
 305  0.3050   0.4364E-14
 306  0.3060   0.4373E-14
 307  0.3070   0.4381E-14
 308  0.3080   0.4389E-14
 309  0.3090   0.4397E-14
 310  0.3100   0.4405E-14
 311  0.3110   0.4413E-14
 312  0.3120   0.4421E-14
 313  0.3130   0.4430E-14
 314  0.3140   0.4438E-14
 315  0.3150   0.4446E-14
 316  0.3160   0.4454E-14
 317  0.3170   0.4462E-14
 318  0.3180   0.4470E-14
 319  0.3190   0.4479E-14
 320  0.3200   0.4487E-14
 321  0.3210   0.4495E-14
 322  0.3220   0.4503E-14
 323  0.3230   0.4511E-14
 324  0.3240   0.4519E-14
 325  0.3250   0.4528E-14
 326  0.3260   0.4536E-14
 327  0.3270   0.4544E-14
 328  0.3280   0.4552E-14
 329  0.3290   0.4560E-14
 330  0.3300   0.4568E-14
 331  0.3310   0.4576E-14
 332  0.3320   0.4585E-14
 333  0.3330   0.4593E-14
 334  0.3340   0.4601E-14
 335  0.3350   0.4609E-14
 336  0.3360   0.4617E-14
 337  0.3370   0.4625E-14
 338  0.3380   0.4634E-14
 339  0.3390   0.4642E-14
 340  0.3400   0.4650E-14
 341  0.3410   0.4658E-14
 342  0.3420   0.4666E-14
 343  0.3430   0.4674E-14
 344  0.3440   0.4682E-14
 345  0.3450   0.4691E-14
 346  0.3460   0.4699E-14
 347  0.3470   0.4707E-14
 348  0.3480   0.4715E-14
 349  0.3490   0.4723E-14
 350  0.3500   0.4731E-14
 351  0.3510   0.4739E-14
 352  0.3520   0.4748E-14
 353  0.3530   0.4756E-14
 354  0.3540   0.4764E-14
 355  0.3550   0.4772E-14
 356  0.3560   0.4780E-14
 357  0.3570   0.4788E-14
 358  0.3580   0.4796E-14
 359  0.3590   0.4805E-14
 360  0.3600   0.4813E-14
 361  0.3610   0.4821E-14
 362  0.3620   0.4829E-14
 363  0.3630   0.4837E-14
 364  0.3640   0.4845E-14
 365  0.3650   0.4853E-14
 366  0.3660   0.4861E-14
 367  0.3670   0.4870E-14
 368  0.3680   0.4878E-14
 369  0.3690   0.4886E-14
 370  0.3700   0.4894E-14
 371  0.3710   0.4902E-14
 372  0.3720   0.4910E-14
 373  0.3730   0.4918E-14
 374  0.3740   0.4926E-14
 375  0.3750   0.4935E-14
 376  0.3760   0.4943E-14
 377  0.3770   0.4951E-14
 378  0.3780   0.4959E-14
 379  0.3790   0.4967E-14
 380  0.3800   0.4975E-14
 381  0.3810   0.4983E-14
 382  0.3820   0.4991E-14
 383  0.3830   0.5000E-14
 384  0.3840   0.5008E-14
 385  0.3850   0.5016E-14
 386  0.3860   0.5024E-14
 387  0.3870   0.5032E-14
 388  0.3880   0.5040E-14
 389  0.3890   0.5048E-14
 390  0.3900   0.5056E-14
 391  0.3910   0.5064E-14
 392  0.3920   0.5073E-14
 393  0.3930   0.5081E-14
 394  0.3940   0.5089E-14
 395  0.3950   0.5097E-14
 396  0.3960   0.5105E-14
 397  0.3970   0.5113E-14
 398  0.3980   0.5121E-14
 399  0.3990   0.5129E-14
 400  0.4000   0.5137E-14
 401  0.4010   0.5145E-14
 402  0.4020   0.5153E-14
 403  0.4030   0.5162E-14
 404  0.4040   0.5170E-14
 405  0.4050   0.5178E-14
 406  0.4060   0.5186E-14
 407  0.4070   0.5194E-14
 408  0.4080   0.5202E-14
 409  0.4090   0.5210E-14
 410  0.4100   0.5218E-14
 411  0.4110   0.5226E-14
 412  0.4120   0.5234E-14
 413  0.4130   0.5242E-14
 414  0.4140   0.5250E-14
 415  0.4150   0.5258E-14
 416  0.4160   0.5266E-14
 417  0.4170   0.5274E-14
 418  0.4180   0.5283E-14
 419  0.4190   0.5291E-14
 420  0.4200   0.5299E-14
 421  0.4210   0.5307E-14
 422  0.4220   0.5315E-14
 423  0.4230   0.5323E-14
 424  0.4240   0.5331E-14
 425  0.4250   0.5339E-14
 426  0.4260   0.5347E-14
 427  0.4270   0.5355E-14
 428  0.4280   0.5363E-14
 429  0.4290   0.5371E-14
 430  0.4300   0.5379E-14
 431  0.4310   0.5387E-14
 432  0.4320   0.5395E-14
 433  0.4330   0.5403E-14
 434  0.4340   0.5411E-14
 435  0.4350   0.5419E-14
 436  0.4360   0.5427E-14
 437  0.4370   0.5435E-14
 438  0.4380   0.5443E-14
 439  0.4390   0.5451E-14
 440  0.4400   0.5459E-14
 441  0.4410   0.5467E-14
 442  0.4420   0.5475E-14
 443  0.4430   0.5483E-14
 444  0.4440   0.5491E-14
 445  0.4450   0.5499E-14
 446  0.4460   0.5507E-14
 447  0.4470   0.5515E-14
 448  0.4480   0.5523E-14
 449  0.4490   0.5531E-14
 450  0.4500   0.5539E-14
 451  0.4510   0.5547E-14
 452  0.4520   0.5555E-14
 453  0.4530   0.5563E-14
 454  0.4540   0.5571E-14
 455  0.4550   0.5579E-14
 456  0.4560   0.5587E-14
 457  0.4570   0.5595E-14
 458  0.4580   0.5603E-14
 459  0.4590   0.5611E-14
 460  0.4600   0.5619E-14
 461  0.4610   0.5627E-14
 462  0.4620   0.5635E-14
 463  0.4630   0.5643E-14
 464  0.4640   0.5651E-14
 465  0.4650   0.5659E-14
 466  0.4660   0.5667E-14
 467  0.4670   0.5675E-14
 468  0.4680   0.5683E-14
 469  0.4690   0.5691E-14
 470  0.4700   0.5699E-14
 471  0.4710   0.5707E-14
 472  0.4720   0.5714E-14
 473  0.4730   0.5722E-14
 474  0.4740   0.5730E-14
 475  0.4750   0.5738E-14
 476  0.4760   0.5746E-14
 477  0.4770   0.5754E-14
 478  0.4780   0.5762E-14
 479  0.4790   0.5770E-14
 480  0.4800   0.5778E-14
 481  0.4810   0.5786E-14
 482  0.4820   0.5794E-14
 483  0.4830   0.5802E-14
 484  0.4840   0.5809E-14
 485  0.4850   0.5817E-14
 486  0.4860   0.5825E-14
 487  0.4870   0.5833E-14
 488  0.4880   0.5841E-14
 489  0.4890   0.5849E-14
 490  0.4900   0.5857E-14
 491  0.4910   0.5865E-14
 492  0.4920   0.5873E-14
 493  0.4930   0.5880E-14
 494  0.4940   0.5888E-14
 495  0.4950   0.5896E-14
 496  0.4960   0.5904E-14
 497  0.4970   0.5912E-14
 498  0.4980   0.5920E-14
 499  0.4990   0.5928E-14
 500  0.5000   0.5936E-14
 501  0.5010   0.5943E-14
 502  0.5020   0.5951E-14
 503  0.5030   0.5959E-14
 504  0.5040   0.5967E-14
 505  0.5050   0.5975E-14
 506  0.5060   0.5983E-14
 507  0.5070   0.5990E-14
 508  0.5080   0.5998E-14
 509  0.5090   0.6006E-14
 510  0.5100   0.6014E-14
 511  0.5110   0.6022E-14
 512  0.5120   0.6030E-14
 513  0.5130   0.6037E-14
 514  0.5140   0.6045E-14
 515  0.5150   0.6053E-14
 516  0.5160   0.6061E-14
 517  0.5170   0.6069E-14
 518  0.5180   0.6076E-14
 519  0.5190   0.6084E-14
 520  0.5200   0.6092E-14
 521  0.5210   0.6100E-14
 522  0.5220   0.6108E-14
 523  0.5230   0.6115E-14
 524  0.5240   0.6123E-14
 525  0.5250   0.6131E-14
 526  0.5260   0.6139E-14
 527  0.5270   0.6146E-14
 528  0.5280   0.6154E-14
 529  0.5290   0.6162E-14
 530  0.5300   0.6170E-14
 531  0.5310   0.6177E-14
 532  0.5320   0.6185E-14
 533  0.5330   0.6193E-14
 534  0.5340   0.6201E-14
 535  0.5350   0.6208E-14
 536  0.5360   0.6216E-14
 537  0.5370   0.6224E-14
 538  0.5380   0.6232E-14
 539  0.5390   0.6239E-14
 540  0.5400   0.6247E-14
 541  0.5410   0.6255E-14
 542  0.5420   0.6262E-14
 543  0.5430   0.6270E-14
 544  0.5440   0.6278E-14
 545  0.5450   0.6286E-14
 546  0.5460   0.6293E-14
 547  0.5470   0.6301E-14
 548  0.5480   0.6309E-14
 549  0.5490   0.6316E-14
 550  0.5500   0.6324E-14
 551  0.5510   0.6332E-14
 552  0.5520   0.6339E-14
 553  0.5530   0.6347E-14
 554  0.5540   0.6355E-14
 555  0.5550   0.6362E-14
 556  0.5560   0.6370E-14
 557  0.5570   0.6378E-14
 558  0.5580   0.6385E-14
 559  0.5590   0.6393E-14
 560  0.5600   0.6401E-14
 561  0.5610   0.6408E-14
 562  0.5620   0.6416E-14
 563  0.5630   0.6424E-14
 564  0.5640   0.6431E-14
 565  0.5650   0.6439E-14
 566  0.5660   0.6446E-14
 567  0.5670   0.6454E-14
 568  0.5680   0.6462E-14
 569  0.5690   0.6469E-14
 570  0.5700   0.6477E-14
 571  0.5710   0.6485E-14
 572  0.5720   0.6492E-14
 573  0.5730   0.6500E-14
 574  0.5740   0.6507E-14
 575  0.5750   0.6515E-14
 576  0.5760   0.6522E-14
 577  0.5770   0.6530E-14
 578  0.5780   0.6538E-14
 579  0.5790   0.6545E-14
 580  0.5800   0.6553E-14
 581  0.5810   0.6560E-14
 582  0.5820   0.6568E-14
 583  0.5830   0.6575E-14
 584  0.5840   0.6583E-14
 585  0.5850   0.6591E-14
 586  0.5860   0.6598E-14
 587  0.5870   0.6606E-14
 588  0.5880   0.6613E-14
 589  0.5890   0.6621E-14
 590  0.5900   0.6628E-14
 591  0.5910   0.6636E-14
 592  0.5920   0.6643E-14
 593  0.5930   0.6651E-14
 594  0.5940   0.6658E-14
 595  0.5950   0.6666E-14
 596  0.5960   0.6673E-14
 597  0.5970   0.6681E-14
 598  0.5980   0.6688E-14
 599  0.5990   0.6696E-14
 600  0.6000   0.6703E-14
 601  0.6010   0.6711E-14
 602  0.6020   0.6718E-14
 603  0.6030   0.6726E-14
 604  0.6040   0.6733E-14
 605  0.6050   0.6741E-14
 606  0.6060   0.6748E-14
 607  0.6070   0.6755E-14
 608  0.6080   0.6763E-14
 609  0.6090   0.6770E-14
 610  0.6100   0.6778E-14
 611  0.6110   0.6785E-14
 612  0.6120   0.6793E-14
 613  0.6130   0.6800E-14
 614  0.6140   0.6807E-14
 615  0.6150   0.6815E-14
 616  0.6160   0.6822E-14
 617  0.6170   0.6830E-14
 618  0.6180   0.6837E-14
 619  0.6190   0.6844E-14
 620  0.6200   0.6852E-14
 621  0.6210   0.6859E-14
 622  0.6220   0.6867E-14
 623  0.6230   0.6874E-14
 624  0.6240   0.6881E-14
 625  0.6250   0.6889E-14
 626  0.6260   0.6896E-14
 627  0.6270   0.6903E-14
 628  0.6280   0.6911E-14
 629  0.6290   0.6918E-14
 630  0.6300   0.6925E-14
 631  0.6310   0.6933E-14
 632  0.6320   0.6940E-14
 633  0.6330   0.6947E-14
 634  0.6340   0.6955E-14
 635  0.6350   0.6962E-14
 636  0.6360   0.6969E-14
 637  0.6370   0.6977E-14
 638  0.6380   0.6984E-14
 639  0.6390   0.6991E-14
 640  0.6400   0.6999E-14
 641  0.6410   0.7006E-14
 642  0.6420   0.7013E-14
 643  0.6430   0.7021E-14
 644  0.6440   0.7028E-14
 645  0.6450   0.7035E-14
 646  0.6460   0.7042E-14
 647  0.6470   0.7050E-14
 648  0.6480   0.7057E-14
 649  0.6490   0.7064E-14
 650  0.6500   0.7071E-14
 651  0.6510   0.7079E-14
 652  0.6520   0.7086E-14
 653  0.6530   0.7093E-14
 654  0.6540   0.7100E-14
 655  0.6550   0.7107E-14
 656  0.6560   0.7115E-14
 657  0.6570   0.7122E-14
 658  0.6580   0.7129E-14
 659  0.6590   0.7136E-14
 660  0.6600   0.7144E-14
 661  0.6610   0.7151E-14
 662  0.6620   0.7158E-14
 663  0.6630   0.7165E-14
 664  0.6640   0.7172E-14
 665  0.6650   0.7179E-14
 666  0.6660   0.7187E-14
 667  0.6670   0.7194E-14
 668  0.6680   0.7201E-14
 669  0.6690   0.7208E-14
 670  0.6700   0.7215E-14
 671  0.6710   0.7222E-14
 672  0.6720   0.7229E-14
 673  0.6730   0.7237E-14
 674  0.6740   0.7244E-14
 675  0.6750   0.7251E-14
 676  0.6760   0.7258E-14
 677  0.6770   0.7265E-14
 678  0.6780   0.7272E-14
 679  0.6790   0.7279E-14
 680  0.6800   0.7286E-14
 681  0.6810   0.7293E-14
 682  0.6820   0.7300E-14
 683  0.6830   0.7308E-14
 684  0.6840   0.7315E-14
 685  0.6850   0.7322E-14
 686  0.6860   0.7329E-14
 687  0.6870   0.7336E-14
 688  0.6880   0.7343E-14
 689  0.6890   0.7350E-14
 690  0.6900   0.7357E-14
 691  0.6910   0.7364E-14
 692  0.6920   0.7371E-14
 693  0.6930   0.7378E-14
 694  0.6940   0.7385E-14
 695  0.6950   0.7392E-14
 696  0.6960   0.7399E-14
 697  0.6970   0.7406E-14
 698  0.6980   0.7413E-14
 699  0.6990   0.7420E-14
 700  0.7000   0.7427E-14
 701  0.7010   0.7434E-14
 702  0.7020   0.7441E-14
 703  0.7030   0.7448E-14
 704  0.7040   0.7455E-14
 705  0.7050   0.7462E-14
 706  0.7060   0.7469E-14
 707  0.7070   0.7476E-14
 708  0.7080   0.7483E-14
 709  0.7090   0.7490E-14
 710  0.7100   0.7496E-14
 711  0.7110   0.7503E-14
 712  0.7120   0.7510E-14
 713  0.7130   0.7517E-14
 714  0.7140   0.7524E-14
 715  0.7150   0.7531E-14
 716  0.7160   0.7538E-14
 717  0.7170   0.7545E-14
 718  0.7180   0.7552E-14
 719  0.7190   0.7559E-14
 720  0.7200   0.7565E-14
 721  0.7210   0.7572E-14
 722  0.7220   0.7579E-14
 723  0.7230   0.7586E-14
 724  0.7240   0.7593E-14
 725  0.7250   0.7600E-14
 726  0.7260   0.7606E-14
 727  0.7270   0.7613E-14
 728  0.7280   0.7620E-14
 729  0.7290   0.7627E-14
 730  0.7300   0.7634E-14
 731  0.7310   0.7641E-14
 732  0.7320   0.7647E-14
 733  0.7330   0.7654E-14
 734  0.7340   0.7661E-14
 735  0.7350   0.7668E-14
 736  0.7360   0.7674E-14
 737  0.7370   0.7681E-14
 738  0.7380   0.7688E-14
 739  0.7390   0.7695E-14
 740  0.7400   0.7702E-14
 741  0.7410   0.7708E-14
 742  0.7420   0.7715E-14
 743  0.7430   0.7722E-14
 744  0.7440   0.7728E-14
 745  0.7450   0.7735E-14
 746  0.7460   0.7742E-14
 747  0.7470   0.7749E-14
 748  0.7480   0.7755E-14
 749  0.7490   0.7762E-14
 750  0.7500   0.7769E-14
 751  0.7510   0.7775E-14
 752  0.7520   0.7782E-14
 753  0.7530   0.7789E-14
 754  0.7540   0.7795E-14
 755  0.7550   0.7802E-14
 756  0.7560   0.7809E-14
 757  0.7570   0.7815E-14
 758  0.7580   0.7822E-14
 759  0.7590   0.7829E-14
 760  0.7600   0.7835E-14
 761  0.7610   0.7842E-14
 762  0.7620   0.7848E-14
 763  0.7630   0.7855E-14
 764  0.7640   0.7862E-14
 765  0.7650   0.7868E-14
 766  0.7660   0.7875E-14
 767  0.7670   0.7881E-14
 768  0.7680   0.7888E-14
 769  0.7690   0.7895E-14
 770  0.7700   0.7901E-14
 771  0.7710   0.7908E-14
 772  0.7720   0.7914E-14
 773  0.7730   0.7921E-14
 774  0.7740   0.7927E-14
 775  0.7750   0.7934E-14
 776  0.7760   0.7940E-14
 777  0.7770   0.7947E-14
 778  0.7780   0.7953E-14
 779  0.7790   0.7960E-14
 780  0.7800   0.7966E-14
 781  0.7810   0.7973E-14
 782  0.7820   0.7979E-14
 783  0.7830   0.7986E-14
 784  0.7840   0.7992E-14
 785  0.7850   0.7999E-14
 786  0.7860   0.8005E-14
 787  0.7870   0.8012E-14
 788  0.7880   0.8018E-14
 789  0.7890   0.8025E-14
 790  0.7900   0.8031E-14
 791  0.7910   0.8038E-14
 792  0.7920   0.8044E-14
 793  0.7930   0.8050E-14
 794  0.7940   0.8057E-14
 795  0.7950   0.8063E-14
 796  0.7960   0.8070E-14
 797  0.7970   0.8076E-14
 798  0.7980   0.8082E-14
 799  0.7990   0.8089E-14
 800  0.8000   0.8095E-14
 801  0.8010   0.8101E-14
 802  0.8020   0.8108E-14
 803  0.8030   0.8114E-14
 804  0.8040   0.8121E-14
 805  0.8050   0.8127E-14
 806  0.8060   0.8133E-14
 807  0.8070   0.8140E-14
 808  0.8080   0.8146E-14
 809  0.8090   0.8152E-14
 810  0.8100   0.8158E-14
 811  0.8110   0.8165E-14
 812  0.8120   0.8171E-14
 813  0.8130   0.8177E-14
 814  0.8140   0.8184E-14
 815  0.8150   0.8190E-14
 816  0.8160   0.8196E-14
 817  0.8170   0.8202E-14
 818  0.8180   0.8209E-14
 819  0.8190   0.8215E-14
 820  0.8200   0.8221E-14
 821  0.8210   0.8227E-14
 822  0.8220   0.8234E-14
 823  0.8230   0.8240E-14
 824  0.8240   0.8246E-14
 825  0.8250   0.8252E-14
 826  0.8260   0.8258E-14
 827  0.8270   0.8265E-14
 828  0.8280   0.8271E-14
 829  0.8290   0.8277E-14
 830  0.8300   0.8283E-14
 831  0.8310   0.8289E-14
 832  0.8320   0.8295E-14
 833  0.8330   0.8302E-14
 834  0.8340   0.8308E-14
 835  0.8350   0.8314E-14
 836  0.8360   0.8320E-14
 837  0.8370   0.8326E-14
 838  0.8380   0.8332E-14
 839  0.8390   0.8338E-14
 840  0.8400   0.8344E-14
 841  0.8410   0.8351E-14
 842  0.8420   0.8357E-14
 843  0.8430   0.8363E-14
 844  0.8440   0.8369E-14
 845  0.8450   0.8375E-14
 846  0.8460   0.8381E-14
 847  0.8470   0.8387E-14
 848  0.8480   0.8393E-14
 849  0.8490   0.8399E-14
 850  0.8500   0.8405E-14
 851  0.8510   0.8411E-14
 852  0.8520   0.8417E-14
 853  0.8530   0.8423E-14
 854  0.8540   0.8429E-14
 855  0.8550   0.8435E-14
 856  0.8560   0.8441E-14
 857  0.8570   0.8447E-14
 858  0.8580   0.8453E-14
 859  0.8590   0.8459E-14
 860  0.8600   0.8465E-14
 861  0.8610   0.8471E-14
 862  0.8620   0.8477E-14
 863  0.8630   0.8483E-14
 864  0.8640   0.8489E-14
 865  0.8650   0.8495E-14
 866  0.8660   0.8501E-14
 867  0.8670   0.8506E-14
 868  0.8680   0.8512E-14
 869  0.8690   0.8518E-14
 870  0.8700   0.8524E-14
 871  0.8710   0.8530E-14
 872  0.8720   0.8536E-14
 873  0.8730   0.8542E-14
 874  0.8740   0.8548E-14
 875  0.8750   0.8553E-14
 876  0.8760   0.8559E-14
 877  0.8770   0.8565E-14
 878  0.8780   0.8571E-14
 879  0.8790   0.8577E-14
 880  0.8800   0.8583E-14
 881  0.8810   0.8588E-14
 882  0.8820   0.8594E-14
 883  0.8830   0.8600E-14
 884  0.8840   0.8606E-14
 885  0.8850   0.8612E-14
 886  0.8860   0.8617E-14
 887  0.8870   0.8623E-14
 888  0.8880   0.8629E-14
 889  0.8890   0.8635E-14
 890  0.8900   0.8640E-14
 891  0.8910   0.8646E-14
 892  0.8920   0.8652E-14
 893  0.8930   0.8657E-14
 894  0.8940   0.8663E-14
 895  0.8950   0.8669E-14
 896  0.8960   0.8675E-14
 897  0.8970   0.8680E-14
 898  0.8980   0.8686E-14
 899  0.8990   0.8692E-14
 900  0.9000   0.8697E-14
 901  0.9010   0.8703E-14
 902  0.9020   0.8709E-14
 903  0.9030   0.8714E-14
 904  0.9040   0.8720E-14
 905  0.9050   0.8725E-14
 906  0.9060   0.8731E-14
 907  0.9070   0.8737E-14
 908  0.9080   0.8742E-14
 909  0.9090   0.8748E-14
 910  0.9100   0.8754E-14
 911  0.9110   0.8759E-14
 912  0.9120   0.8765E-14
 913  0.9130   0.8770E-14
 914  0.9140   0.8776E-14
 915  0.9150   0.8781E-14
 916  0.9160   0.8787E-14
 917  0.9170   0.8792E-14
 918  0.9180   0.8798E-14
 919  0.9190   0.8803E-14
 920  0.9200   0.8809E-14
 921  0.9210   0.8814E-14
 922  0.9220   0.8820E-14
 923  0.9230   0.8825E-14
 924  0.9240   0.8831E-14
 925  0.9250   0.8836E-14
 926  0.9260   0.8842E-14
 927  0.9270   0.8847E-14
 928  0.9280   0.8853E-14
 929  0.9290   0.8858E-14
 930  0.9300   0.8864E-14
 931  0.9310   0.8869E-14
 932  0.9320   0.8875E-14
 933  0.9330   0.8880E-14
 934  0.9340   0.8885E-14
 935  0.9350   0.8891E-14
 936  0.9360   0.8896E-14
 937  0.9370   0.8902E-14
 938  0.9380   0.8907E-14
 939  0.9390   0.8912E-14
 940  0.9400   0.8918E-14
 941  0.9410   0.8923E-14
 942  0.9420   0.8928E-14
 943  0.9430   0.8934E-14
 944  0.9440   0.8939E-14
 945  0.9450   0.8944E-14
 946  0.9460   0.8950E-14
 947  0.9470   0.8955E-14
 948  0.9480   0.8960E-14
 949  0.9490   0.8965E-14
 950  0.9500   0.8971E-14
 951  0.9510   0.8976E-14
 952  0.9520   0.8981E-14
 953  0.9530   0.8987E-14
 954  0.9540   0.8992E-14
 955  0.9550   0.8997E-14
 956  0.9560   0.9002E-14
 957  0.9570   0.9008E-14
 958  0.9580   0.9013E-14
 959  0.9590   0.9018E-14
 960  0.9600   0.9023E-14
 961  0.9610   0.9028E-14
 962  0.9620   0.9034E-14
 963  0.9630   0.9039E-14
 964  0.9640   0.9044E-14
 965  0.9650   0.9049E-14
 966  0.9660   0.9054E-14
 967  0.9670   0.9059E-14
 968  0.9680   0.9064E-14
 969  0.9690   0.9070E-14
 970  0.9700   0.9075E-14
 971  0.9710   0.9080E-14
 972  0.9720   0.9085E-14
 973  0.9730   0.9090E-14
 974  0.9740   0.9095E-14
 975  0.9750   0.9100E-14
 976  0.9760   0.9105E-14
 977  0.9770   0.9110E-14
 978  0.9780   0.9115E-14
 979  0.9790   0.9120E-14
 980  0.9800   0.9125E-14
 981  0.9810   0.9130E-14
 982  0.9820   0.9136E-14
 983  0.9830   0.9141E-14
 984  0.9840   0.9146E-14
 985  0.9850   0.9151E-14
 986  0.9860   0.9156E-14
 987  0.9870   0.9161E-14
 988  0.9880   0.9165E-14
 989  0.9890   0.9170E-14
 990  0.9900   0.9175E-14
 991  0.9910   0.9180E-14
 992  0.9920   0.9185E-14
 993  0.9930   0.9190E-14
 994  0.9940   0.9195E-14
 995  0.9950   0.9200E-14
 996  0.9960   0.9205E-14
 997  0.9970   0.9210E-14
 998  0.9980   0.9215E-14
 999  0.9990   0.9220E-14
1000  1.0000   0.9225E-14
1001  1.0010   0.9229E-14
1002  1.0020   0.9234E-14
1003  1.0030   0.9239E-14
1004  1.0040   0.9244E-14
1005  1.0050   0.9249E-14
1006  1.0060   0.9254E-14
1007  1.0070   0.9258E-14
1008  1.0080   0.9263E-14
1009  1.0090   0.9268E-14
1010  1.0100   0.9273E-14
1011  1.0110   0.9278E-14
1012  1.0120   0.9282E-14
1013  1.0130   0.9287E-14
1014  1.0140   0.9292E-14
1015  1.0150   0.9297E-14
1016  1.0160   0.9301E-14
1017  1.0170   0.9306E-14
1018  1.0180   0.9311E-14
1019  1.0190   0.9316E-14
1020  1.0200   0.9320E-14
1021  1.0210   0.9325E-14
1022  1.0220   0.9330E-14
1023  1.0230   0.9334E-14
1024  1.0240   0.9339E-14
1025  1.0250   0.9344E-14
1026  1.0260   0.9348E-14
1027  1.0270   0.9353E-14
1028  1.0280   0.9358E-14
1029  1.0290   0.9362E-14
1030  1.0300   0.9367E-14
1031  1.0310   0.9372E-14
1032  1.0320   0.9376E-14
1033  1.0330   0.9381E-14
1034  1.0340   0.9385E-14
1035  1.0350   0.9390E-14
1036  1.0360   0.9395E-14
1037  1.0370   0.9399E-14
1038  1.0380   0.9404E-14
1039  1.0390   0.9408E-14
1040  1.0400   0.9413E-14
1041  1.0410   0.9417E-14
1042  1.0420   0.9422E-14
1043  1.0430   0.9426E-14
1044  1.0440   0.9431E-14
1045  1.0450   0.9435E-14
1046  1.0460   0.9440E-14
1047  1.0470   0.9444E-14
1048  1.0480   0.9449E-14
1049  1.0490   0.9453E-14
1050  1.0500   0.9458E-14
1051  1.0510   0.9462E-14
1052  1.0520   0.9467E-14
1053  1.0530   0.9471E-14
1054  1.0540   0.9475E-14
1055  1.0550   0.9480E-14
1056  1.0560   0.9484E-14
1057  1.0570   0.9489E-14
1058  1.0580   0.9493E-14
1059  1.0590   0.9497E-14
1060  1.0600   0.9502E-14
1061  1.0610   0.9506E-14
1062  1.0620   0.9511E-14
1063  1.0630   0.9515E-14
1064  1.0640   0.9519E-14
1065  1.0650   0.9524E-14
1066  1.0660   0.9528E-14
1067  1.0670   0.9532E-14
1068  1.0680   0.9536E-14
1069  1.0690   0.9541E-14
1070  1.0700   0.9545E-14
1071  1.0710   0.9549E-14
1072  1.0720   0.9554E-14
1073  1.0730   0.9558E-14
1074  1.0740   0.9562E-14
1075  1.0750   0.9566E-14
1076  1.0760   0.9571E-14
1077  1.0770   0.9575E-14
1078  1.0780   0.9579E-14
1079  1.0790   0.9583E-14
1080  1.0800   0.9587E-14
1081  1.0810   0.9592E-14
1082  1.0820   0.9596E-14
1083  1.0830   0.9600E-14
1084  1.0840   0.9604E-14
1085  1.0850   0.9608E-14
1086  1.0860   0.9612E-14
1087  1.0870   0.9617E-14
1088  1.0880   0.9621E-14
1089  1.0890   0.9625E-14
1090  1.0900   0.9629E-14
1091  1.0910   0.9633E-14
1092  1.0920   0.9637E-14
1093  1.0930   0.9641E-14
1094  1.0940   0.9645E-14
1095  1.0950   0.9649E-14
1096  1.0960   0.9653E-14
1097  1.0970   0.9657E-14
1098  1.0980   0.9661E-14
1099  1.0990   0.9665E-14
1100  1.1000   0.9669E-14
1101  1.1010   0.9673E-14
1102  1.1020   0.9677E-14
1103  1.1030   0.9681E-14
1104  1.1040   0.9685E-14
1105  1.1050   0.9689E-14
1106  1.1060   0.9693E-14
1107  1.1070   0.9697E-14
1108  1.1080   0.9701E-14
1109  1.1090   0.9705E-14
1110  1.1100   0.9709E-14
1111  1.1110   0.9713E-14
1112  1.1120   0.9717E-14
1113  1.1130   0.9721E-14
1114  1.1140   0.9725E-14
1115  1.1150   0.9729E-14
1116  1.1160   0.9733E-14
1117  1.1170   0.9736E-14
1118  1.1180   0.9740E-14
1119  1.1190   0.9744E-14
1120  1.1200   0.9748E-14
1121  1.1210   0.9752E-14
1122  1.1220   0.9756E-14
1123  1.1230   0.9759E-14
1124  1.1240   0.9763E-14
1125  1.1250   0.9767E-14
1126  1.1260   0.9771E-14
1127  1.1270   0.9775E-14
1128  1.1280   0.9778E-14
1129  1.1290   0.9782E-14
1130  1.1300   0.9786E-14
1131  1.1310   0.9790E-14
1132  1.1320   0.9793E-14
1133  1.1330   0.9797E-14
1134  1.1340   0.9801E-14
1135  1.1350   0.9805E-14
1136  1.1360   0.9808E-14
1137  1.1370   0.9812E-14
1138  1.1380   0.9816E-14
1139  1.1390   0.9819E-14
1140  1.1400   0.9823E-14
1141  1.1410   0.9827E-14
1142  1.1420   0.9830E-14
1143  1.1430   0.9834E-14
1144  1.1440   0.9838E-14
1145  1.1450   0.9841E-14
1146  1.1460   0.9845E-14
1147  1.1470   0.9848E-14
1148  1.1480   0.9852E-14
1149  1.1490   0.9855E-14
1150  1.1500   0.9859E-14
1151  1.1510   0.9863E-14
1152  1.1520   0.9866E-14
1153  1.1530   0.9870E-14
1154  1.1540   0.9873E-14
1155  1.1550   0.9877E-14
1156  1.1560   0.9880E-14
1157  1.1570   0.9884E-14
1158  1.1580   0.9887E-14
1159  1.1590   0.9891E-14
1160  1.1600   0.9894E-14
1161  1.1610   0.9898E-14
1162  1.1620   0.9901E-14
1163  1.1630   0.9905E-14
1164  1.1640   0.9908E-14
1165  1.1650   0.9912E-14
1166  1.1660   0.9915E-14
1167  1.1670   0.9918E-14
1168  1.1680   0.9922E-14
1169  1.1690   0.9925E-14
1170  1.1700   0.9929E-14
1171  1.1710   0.9932E-14
1172  1.1720   0.9935E-14
1173  1.1730   0.9939E-14
1174  1.1740   0.9942E-14
1175  1.1750   0.9945E-14
1176  1.1760   0.9949E-14
1177  1.1770   0.9952E-14
1178  1.1780   0.9955E-14
1179  1.1790   0.9959E-14
1180  1.1800   0.9962E-14
1181  1.1810   0.9965E-14
1182  1.1820   0.9968E-14
1183  1.1830   0.9972E-14
1184  1.1840   0.9975E-14
1185  1.1850   0.9978E-14
1186  1.1860   0.9981E-14
1187  1.1870   0.9985E-14
1188  1.1880   0.9988E-14
1189  1.1890   0.9991E-14
1190  1.1900   0.9994E-14
1191  1.1910   0.9998E-14
1192  1.1920   0.1000E-13
1193  1.1930   0.1000E-13
1194  1.1940   0.1001E-13
1195  1.1950   0.1001E-13
1196  1.1960   0.1001E-13
1197  1.1970   0.1002E-13
1198  1.1980   0.1002E-13
1199  1.1990   0.1002E-13
1200  1.2000   0.1003E-13
1201  1.2010   0.1003E-13
1202  1.2020   0.1003E-13
1203  1.2030   0.1004E-13
1204  1.2040   0.1004E-13
1205  1.2050   0.1004E-13
1206  1.2060   0.1004E-13
1207  1.2070   0.1005E-13
1208  1.2080   0.1005E-13
1209  1.2090   0.1005E-13
1210  1.2100   0.1006E-13
1211  1.2110   0.1006E-13
1212  1.2120   0.1006E-13
1213  1.2130   0.1007E-13
1214  1.2140   0.1007E-13
1215  1.2150   0.1007E-13
1216  1.2160   0.1007E-13
1217  1.2170   0.1008E-13
1218  1.2180   0.1008E-13
1219  1.2190   0.1008E-13
1220  1.2200   0.1009E-13
1221  1.2210   0.1009E-13
1222  1.2220   0.1009E-13
1223  1.2230   0.1009E-13
1224  1.2240   0.1010E-13
1225  1.2250   0.1010E-13
1226  1.2260   0.1010E-13
1227  1.2270   0.1011E-13
1228  1.2280   0.1011E-13
1229  1.2290   0.1011E-13
1230  1.2300   0.1011E-13
1231  1.2310   0.1012E-13
1232  1.2320   0.1012E-13
1233  1.2330   0.1012E-13
1234  1.2340   0.1013E-13
1235  1.2350   0.1013E-13
1236  1.2360   0.1013E-13
1237  1.2370   0.1013E-13
1238  1.2380   0.1014E-13
1239  1.2390   0.1014E-13
1240  1.2400   0.1014E-13
1241  1.2410   0.1015E-13
1242  1.2420   0.1015E-13
1243  1.2430   0.1015E-13
1244  1.2440   0.1015E-13
1245  1.2450   0.1016E-13
1246  1.2460   0.1016E-13
1247  1.2470   0.1016E-13
1248  1.2480   0.1016E-13
1249  1.2490   0.1017E-13
1250  1.2500   0.1017E-13
1251  1.2510   0.1017E-13
1252  1.2520   0.1017E-13
1253  1.2530   0.1018E-13
1254  1.2540   0.1018E-13
1255  1.2550   0.1018E-13
1256  1.2560   0.1018E-13
1257  1.2570   0.1019E-13
1258  1.2580   0.1019E-13
1259  1.2590   0.1019E-13
1260  1.2600   0.1020E-13
1261  1.2610   0.1020E-13
1262  1.2620   0.1020E-13
1263  1.2630   0.1020E-13
1264  1.2640   0.1021E-13
1265  1.2650   0.1021E-13
1266  1.2660   0.1021E-13
1267  1.2670   0.1021E-13
1268  1.2680   0.1022E-13
1269  1.2690   0.1022E-13
1270  1.2700   0.1022E-13
1271  1.2710   0.1022E-13
1272  1.2720   0.1022E-13
1273  1.2730   0.1023E-13
1274  1.2740   0.1023E-13
1275  1.2750   0.1023E-13
1276  1.2760   0.1023E-13
1277  1.2770   0.1024E-13
1278  1.2780   0.1024E-13
1279  1.2790   0.1024E-13
1280  1.2800   0.1024E-13
1281  1.2810   0.1025E-13
1282  1.2820   0.1025E-13
1283  1.2830   0.1025E-13
1284  1.2840   0.1025E-13
1285  1.2850   0.1026E-13
1286  1.2860   0.1026E-13
1287  1.2870   0.1026E-13
1288  1.2880   0.1026E-13
1289  1.2890   0.1026E-13
1290  1.2900   0.1027E-13
1291  1.2910   0.1027E-13
1292  1.2920   0.1027E-13
1293  1.2930   0.1027E-13
1294  1.2940   0.1028E-13
1295  1.2950   0.1028E-13
1296  1.2960   0.1028E-13
1297  1.2970   0.1028E-13
1298  1.2980   0.1028E-13
1299  1.2990   0.1029E-13
1300  1.3000   0.1029E-13
1301  1.3010   0.1029E-13
1302  1.3020   0.1029E-13
1303  1.3030   0.1030E-13
1304  1.3040   0.1030E-13
1305  1.3050   0.1030E-13
1306  1.3060   0.1030E-13
1307  1.3070   0.1030E-13
1308  1.3080   0.1031E-13
1309  1.3090   0.1031E-13
1310  1.3100   0.1031E-13
1311  1.3110   0.1031E-13
1312  1.3120   0.1031E-13
1313  1.3130   0.1032E-13
1314  1.3140   0.1032E-13
1315  1.3150   0.1032E-13
1316  1.3160   0.1032E-13
1317  1.3170   0.1032E-13
1318  1.3180   0.1033E-13
1319  1.3190   0.1033E-13
1320  1.3200   0.1033E-13
1321  1.3210   0.1033E-13
1322  1.3220   0.1033E-13
1323  1.3230   0.1034E-13
1324  1.3240   0.1034E-13
1325  1.3250   0.1034E-13
1326  1.3260   0.1034E-13
1327  1.3270   0.1034E-13
1328  1.3280   0.1035E-13
1329  1.3290   0.1035E-13
1330  1.3300   0.1035E-13
1331  1.3310   0.1035E-13
1332  1.3320   0.1035E-13
1333  1.3330   0.1035E-13
1334  1.3340   0.1036E-13
1335  1.3350   0.1036E-13
1336  1.3360   0.1036E-13
1337  1.3370   0.1036E-13
1338  1.3380   0.1036E-13
1339  1.3390   0.1037E-13
1340  1.3400   0.1037E-13
1341  1.3410   0.1037E-13
1342  1.3420   0.1037E-13
1343  1.3430   0.1037E-13
1344  1.3440   0.1037E-13
1345  1.3450   0.1038E-13
1346  1.3460   0.1038E-13
1347  1.3470   0.1038E-13
1348  1.3480   0.1038E-13
1349  1.3490   0.1038E-13
1350  1.3500   0.1038E-13
1351  1.3510   0.1039E-13
1352  1.3520   0.1039E-13
1353  1.3530   0.1039E-13
1354  1.3540   0.1039E-13
1355  1.3550   0.1039E-13
1356  1.3560   0.1039E-13
1357  1.3570   0.1040E-13
1358  1.3580   0.1040E-13
1359  1.3590   0.1040E-13
1360  1.3600   0.1040E-13
1361  1.3610   0.1040E-13
1362  1.3620   0.1040E-13
1363  1.3630   0.1041E-13
1364  1.3640   0.1041E-13
1365  1.3650   0.1041E-13
1366  1.3660   0.1041E-13
1367  1.3670   0.1041E-13
1368  1.3680   0.1041E-13
1369  1.3690   0.1041E-13
1370  1.3700   0.1042E-13
1371  1.3710   0.1042E-13
1372  1.3720   0.1042E-13
1373  1.3730   0.1042E-13
1374  1.3740   0.1042E-13
1375  1.3750   0.1042E-13
1376  1.3760   0.1042E-13
1377  1.3770   0.1043E-13
1378  1.3780   0.1043E-13
1379  1.3790   0.1043E-13
1380  1.3800   0.1043E-13
1381  1.3810   0.1043E-13
1382  1.3820   0.1043E-13
1383  1.3830   0.1043E-13
1384  1.3840   0.1044E-13
1385  1.3850   0.1044E-13
1386  1.3860   0.1044E-13
1387  1.3870   0.1044E-13
1388  1.3880   0.1044E-13
1389  1.3890   0.1044E-13
1390  1.3900   0.1044E-13
1391  1.3910   0.1044E-13
1392  1.3920   0.1045E-13
1393  1.3930   0.1045E-13
1394  1.3940   0.1045E-13
1395  1.3950   0.1045E-13
1396  1.3960   0.1045E-13
1397  1.3970   0.1045E-13
1398  1.3980   0.1045E-13
1399  1.3990   0.1045E-13
1400  1.4000   0.1046E-13
1401  1.4010   0.1046E-13
1402  1.4020   0.1046E-13
1403  1.4030   0.1046E-13
1404  1.4040   0.1046E-13
1405  1.4050   0.1046E-13
1406  1.4060   0.1046E-13
1407  1.4070   0.1046E-13
1408  1.4080   0.1046E-13
1409  1.4090   0.1047E-13
1410  1.4100   0.1047E-13
1411  1.4110   0.1047E-13
1412  1.4120   0.1047E-13
1413  1.4130   0.1047E-13
1414  1.4140   0.1047E-13
1415  1.4150   0.1047E-13
1416  1.4160   0.1047E-13
1417  1.4170   0.1047E-13
1418  1.4180   0.1047E-13
1419  1.4190   0.1048E-13
1420  1.4200   0.1048E-13
1421  1.4210   0.1048E-13
1422  1.4220   0.1048E-13
1423  1.4230   0.1048E-13
1424  1.4240   0.1048E-13
1425  1.4250   0.1048E-13
1426  1.4260   0.1048E-13
1427  1.4270   0.1048E-13
1428  1.4280   0.1048E-13
1429  1.4290   0.1048E-13
1430  1.4300   0.1049E-13
1431  1.4310   0.1049E-13
1432  1.4320   0.1049E-13
1433  1.4330   0.1049E-13
1434  1.4340   0.1049E-13
1435  1.4350   0.1049E-13
1436  1.4360   0.1049E-13
1437  1.4370   0.1049E-13
1438  1.4380   0.1049E-13
1439  1.4390   0.1049E-13
1440  1.4400   0.1049E-13
1441  1.4410   0.1049E-13
1442  1.4420   0.1050E-13
1443  1.4430   0.1050E-13
1444  1.4440   0.1050E-13
1445  1.4450   0.1050E-13
1446  1.4460   0.1050E-13
1447  1.4470   0.1050E-13
1448  1.4480   0.1050E-13
1449  1.4490   0.1050E-13
1450  1.4500   0.1050E-13
1451  1.4510   0.1050E-13
1452  1.4520   0.1050E-13
1453  1.4530   0.1050E-13
1454  1.4540   0.1050E-13
1455  1.4550   0.1050E-13
1456  1.4560   0.1050E-13
1457  1.4570   0.1051E-13
1458  1.4580   0.1051E-13
1459  1.4590   0.1051E-13
1460  1.4600   0.1051E-13
1461  1.4610   0.1051E-13
1462  1.4620   0.1051E-13
1463  1.4630   0.1051E-13
1464  1.4640   0.1051E-13
1465  1.4650   0.1051E-13
1466  1.4660   0.1051E-13
1467  1.4670   0.1051E-13
1468  1.4680   0.1051E-13
1469  1.4690   0.1051E-13
1470  1.4700   0.1051E-13
1471  1.4710   0.1051E-13
1472  1.4720   0.1051E-13
1473  1.4730   0.1051E-13
1474  1.4740   0.1051E-13
1475  1.4750   0.1051E-13
1476  1.4760   0.1052E-13
1477  1.4770   0.1052E-13
1478  1.4780   0.1052E-13
1479  1.4790   0.1052E-13
1480  1.4800   0.1052E-13
1481  1.4810   0.1052E-13
1482  1.4820   0.1052E-13
1483  1.4830   0.1052E-13
1484  1.4840   0.1052E-13
1485  1.4850   0.1052E-13
1486  1.4860   0.1052E-13
1487  1.4870   0.1052E-13
1488  1.4880   0.1052E-13
1489  1.4890   0.1052E-13
1490  1.4900   0.1052E-13
1491  1.4910   0.1052E-13
1492  1.4920   0.1052E-13
1493  1.4930   0.1052E-13
1494  1.4940   0.1052E-13
1495  1.4950   0.1052E-13
1496  1.4960   0.1052E-13
1497  1.4970   0.1052E-13
1498  1.4980   0.1052E-13
1499  1.4990   0.1052E-13
1500  1.5000   0.1052E-13
1501  1.5010   0.1052E-13
1502  1.5020   0.1052E-13
1503  1.5030   0.1052E-13
1504  1.5040   0.1052E-13
1505  1.5050   0.1052E-13
1506  1.5060   0.1052E-13
1507  1.5070   0.1052E-13
1508  1.5080   0.1052E-13
1509  1.5090   0.1052E-13
1510  1.5100   0.1052E-13
1511  1.5110   0.1052E-13
1512  1.5120   0.1052E-13
1513  1.5130   0.1052E-13
1514  1.5140   0.1052E-13
1515  1.5150   0.1052E-13
1516  1.5160   0.1052E-13
1517  1.5170   0.1052E-13
1518  1.5180   0.1052E-13
1519  1.5190   0.1052E-13
1520  1.5200   0.1052E-13
1521  1.5210   0.1052E-13
1522  1.5220   0.1052E-13
1523  1.5230   0.1052E-13
1524  1.5240   0.1052E-13
1525  1.5250   0.1052E-13
1526  1.5260   0.1052E-13
1527  1.5270   0.1052E-13
1528  1.5280   0.1052E-13
1529  1.5290   0.1052E-13
1530  1.5300   0.1052E-13
1531  1.5310   0.1052E-13
1532  1.5320   0.1052E-13
1533  1.5330   0.1052E-13
1534  1.5340   0.1052E-13
1535  1.5350   0.1052E-13
1536  1.5360   0.1052E-13
1537  1.5370   0.1052E-13
1538  1.5380   0.1052E-13
1539  1.5390   0.1052E-13
1540  1.5400   0.1052E-13
1541  1.5410   0.1052E-13
1542  1.5420   0.1052E-13
1543  1.5430   0.1052E-13
1544  1.5440   0.1052E-13
1545  1.5450   0.1052E-13
1546  1.5460   0.1052E-13
1547  1.5470   0.1052E-13
1548  1.5480   0.1052E-13
1549  1.5490   0.1052E-13
1550  1.5500   0.1052E-13
1551  1.5510   0.1052E-13
1552  1.5520   0.1052E-13
1553  1.5530   0.1052E-13
1554  1.5540   0.1052E-13
1555  1.5550   0.1052E-13
1556  1.5560   0.1052E-13
1557  1.5570   0.1052E-13
1558  1.5580   0.1052E-13
1559  1.5590   0.1051E-13
1560  1.5600   0.1051E-13
1561  1.5610   0.1051E-13
1562  1.5620   0.1051E-13
1563  1.5630   0.1051E-13
1564  1.5640   0.1051E-13
1565  1.5650   0.1051E-13
1566  1.5660   0.1051E-13
1567  1.5670   0.1051E-13
1568  1.5680   0.1051E-13
1569  1.5690   0.1051E-13
1570  1.5700   0.1051E-13
1571  1.5710   0.1051E-13
1572  1.5720   0.1051E-13
1573  1.5730   0.1051E-13
1574  1.5740   0.1051E-13
1575  1.5750   0.1051E-13
1576  1.5760   0.1051E-13
1577  1.5770   0.1051E-13
1578  1.5780   0.1051E-13
1579  1.5790   0.1050E-13
1580  1.5800   0.1050E-13
1581  1.5810   0.1050E-13
1582  1.5820   0.1050E-13
1583  1.5830   0.1050E-13
1584  1.5840   0.1050E-13
1585  1.5850   0.1050E-13
1586  1.5860   0.1050E-13
1587  1.5870   0.1050E-13
1588  1.5880   0.1050E-13
1589  1.5890   0.1050E-13
1590  1.5900   0.1050E-13
1591  1.5910   0.1050E-13
1592  1.5920   0.1050E-13
1593  1.5930   0.1049E-13
1594  1.5940   0.1049E-13
1595  1.5950   0.1049E-13
1596  1.5960   0.1049E-13
1597  1.5970   0.1049E-13
1598  1.5980   0.1049E-13
1599  1.5990   0.1049E-13
1600  1.6000   0.1049E-13
1601  1.6010   0.1049E-13
1602  1.6020   0.1049E-13
1603  1.6030   0.1049E-13
1604  1.6040   0.1049E-13
1605  1.6050   0.1049E-13
1606  1.6060   0.1048E-13
1607  1.6070   0.1048E-13
1608  1.6080   0.1048E-13
1609  1.6090   0.1048E-13
1610  1.6100   0.1048E-13
1611  1.6110   0.1048E-13
1612  1.6120   0.1048E-13
1613  1.6130   0.1048E-13
1614  1.6140   0.1048E-13
1615  1.6150   0.1048E-13
1616  1.6160   0.1047E-13
1617  1.6170   0.1047E-13
1618  1.6180   0.1047E-13
1619  1.6190   0.1047E-13
1620  1.6200   0.1047E-13
1621  1.6210   0.1047E-13
1622  1.6220   0.1047E-13
1623  1.6230   0.1047E-13
1624  1.6240   0.1047E-13
1625  1.6250   0.1047E-13
1626  1.6260   0.1046E-13
1627  1.6270   0.1046E-13
1628  1.6280   0.1046E-13
1629  1.6290   0.1046E-13
1630  1.6300   0.1046E-13
1631  1.6310   0.1046E-13
1632  1.6320   0.1046E-13
1633  1.6330   0.1046E-13
1634  1.6340   0.1046E-13
1635  1.6350   0.1045E-13
1636  1.6360   0.1045E-13
1637  1.6370   0.1045E-13
1638  1.6380   0.1045E-13
1639  1.6390   0.1045E-13
1640  1.6400   0.1045E-13
1641  1.6410   0.1045E-13
1642  1.6420   0.1045E-13
1643  1.6430   0.1044E-13
1644  1.6440   0.1044E-13
1645  1.6450   0.1044E-13
1646  1.6460   0.1044E-13
1647  1.6470   0.1044E-13
1648  1.6480   0.1044E-13
1649  1.6490   0.1044E-13
1650  1.6500   0.1044E-13
1651  1.6510   0.1043E-13
1652  1.6520   0.1043E-13
1653  1.6530   0.1043E-13
1654  1.6540   0.1043E-13
1655  1.6550   0.1043E-13
1656  1.6560   0.1043E-13
1657  1.6570   0.1043E-13
1658  1.6580   0.1042E-13
1659  1.6590   0.1042E-13
1660  1.6600   0.1042E-13
1661  1.6610   0.1042E-13
1662  1.6620   0.1042E-13
1663  1.6630   0.1042E-13
1664  1.6640   0.1042E-13
1665  1.6650   0.1041E-13
1666  1.6660   0.1041E-13
1667  1.6670   0.1041E-13
1668  1.6680   0.1041E-13
1669  1.6690   0.1041E-13
1670  1.6700   0.1041E-13
1671  1.6710   0.1041E-13
1672  1.6720   0.1040E-13
1673  1.6730   0.1040E-13
1674  1.6740   0.1040E-13
1675  1.6750   0.1040E-13
1676  1.6760   0.1040E-13
1677  1.6770   0.1040E-13
1678  1.6780   0.1039E-13
1679  1.6790   0.1039E-13
1680  1.6800   0.1039E-13
1681  1.6810   0.1039E-13
1682  1.6820   0.1039E-13
1683  1.6830   0.1039E-13
1684  1.6840   0.1038E-13
1685  1.6850   0.1038E-13
1686  1.6860   0.1038E-13
1687  1.6870   0.1038E-13
1688  1.6880   0.1038E-13
1689  1.6890   0.1038E-13
1690  1.6900   0.1037E-13
1691  1.6910   0.1037E-13
1692  1.6920   0.1037E-13
1693  1.6930   0.1037E-13
1694  1.6940   0.1037E-13
1695  1.6950   0.1037E-13
1696  1.6960   0.1036E-13
1697  1.6970   0.1036E-13
1698  1.6980   0.1036E-13
1699  1.6990   0.1036E-13
1700  1.7000   0.1036E-13
1701  1.7010   0.1036E-13
1702  1.7020   0.1035E-13
1703  1.7030   0.1035E-13
1704  1.7040   0.1035E-13
1705  1.7050   0.1035E-13
1706  1.7060   0.1035E-13
1707  1.7070   0.1034E-13
1708  1.7080   0.1034E-13
1709  1.7090   0.1034E-13
1710  1.7100   0.1034E-13
1711  1.7110   0.1034E-13
1712  1.7120   0.1033E-13
1713  1.7130   0.1033E-13
1714  1.7140   0.1033E-13
1715  1.7150   0.1033E-13
1716  1.7160   0.1033E-13
1717  1.7170   0.1032E-13
1718  1.7180   0.1032E-13
1719  1.7190   0.1032E-13
1720  1.7200   0.1032E-13
1721  1.7210   0.1032E-13
1722  1.7220   0.1031E-13
1723  1.7230   0.1031E-13
1724  1.7240   0.1031E-13
1725  1.7250   0.1031E-13
1726  1.7260   0.1031E-13
1727  1.7270   0.1030E-13
1728  1.7280   0.1030E-13
1729  1.7290   0.1030E-13
1730  1.7300   0.1030E-13
1731  1.7310   0.1030E-13
1732  1.7320   0.1029E-13
1733  1.7330   0.1029E-13
1734  1.7340   0.1029E-13
1735  1.7350   0.1029E-13
1736  1.7360   0.1029E-13
1737  1.7370   0.1028E-13
1738  1.7380   0.1028E-13
1739  1.7390   0.1028E-13
1740  1.7400   0.1028E-13
1741  1.7410   0.1027E-13
1742  1.7420   0.1027E-13
1743  1.7430   0.1027E-13
1744  1.7440   0.1027E-13
1745  1.7450   0.1027E-13
1746  1.7460   0.1026E-13
1747  1.7470   0.1026E-13
1748  1.7480   0.1026E-13
1749  1.7490   0.1026E-13
1750  1.7500   0.1025E-13
1751  1.7510   0.1025E-13
1752  1.7520   0.1025E-13
1753  1.7530   0.1025E-13
1754  1.7540   0.1024E-13
1755  1.7550   0.1024E-13
1756  1.7560   0.1024E-13
1757  1.7570   0.1024E-13
1758  1.7580   0.1024E-13
1759  1.7590   0.1023E-13
1760  1.7600   0.1023E-13
1761  1.7610   0.1023E-13
1762  1.7620   0.1023E-13
1763  1.7630   0.1022E-13
1764  1.7640   0.1022E-13
1765  1.7650   0.1022E-13
1766  1.7660   0.1022E-13
1767  1.7670   0.1021E-13
1768  1.7680   0.1021E-13
1769  1.7690   0.1021E-13
1770  1.7700   0.1021E-13
1771  1.7710   0.1020E-13
1772  1.7720   0.1020E-13
1773  1.7730   0.1020E-13
1774  1.7740   0.1020E-13
1775  1.7750   0.1019E-13
1776  1.7760   0.1019E-13
1777  1.7770   0.1019E-13
1778  1.7780   0.1019E-13
1779  1.7790   0.1018E-13
1780  1.7800   0.1018E-13
1781  1.7810   0.1018E-13
1782  1.7820   0.1018E-13
1783  1.7830   0.1017E-13
1784  1.7840   0.1017E-13
1785  1.7850   0.1017E-13
1786  1.7860   0.1017E-13
1787  1.7870   0.1016E-13
1788  1.7880   0.1016E-13
1789  1.7890   0.1016E-13
1790  1.7900   0.1015E-13
1791  1.7910   0.1015E-13
1792  1.7920   0.1015E-13
1793  1.7930   0.1015E-13
1794  1.7940   0.1014E-13
1795  1.7950   0.1014E-13
1796  1.7960   0.1014E-13
1797  1.7970   0.1014E-13
1798  1.7980   0.1013E-13
1799  1.7990   0.1013E-13
1800  1.8000   0.1013E-13
1801  1.8010   0.1012E-13
1802  1.8020   0.1012E-13
1803  1.8030   0.1012E-13
1804  1.8040   0.1012E-13
1805  1.8050   0.1011E-13
1806  1.8060   0.1011E-13
1807  1.8070   0.1011E-13
1808  1.8080   0.1010E-13
1809  1.8090   0.1010E-13
1810  1.8100   0.1010E-13
1811  1.8110   0.1010E-13
1812  1.8120   0.1009E-13
1813  1.8130   0.1009E-13
1814  1.8140   0.1009E-13
1815  1.8150   0.1008E-13
1816  1.8160   0.1008E-13
1817  1.8170   0.1008E-13
1818  1.8180   0.1008E-13
1819  1.8190   0.1007E-13
1820  1.8200   0.1007E-13
1821  1.8210   0.1007E-13
1822  1.8220   0.1006E-13
1823  1.8230   0.1006E-13
1824  1.8240   0.1006E-13
1825  1.8250   0.1005E-13
1826  1.8260   0.1005E-13
1827  1.8270   0.1005E-13
1828  1.8280   0.1005E-13
1829  1.8290   0.1004E-13
1830  1.8300   0.1004E-13
1831  1.8310   0.1004E-13
1832  1.8320   0.1003E-13
1833  1.8330   0.1003E-13
1834  1.8340   0.1003E-13
1835  1.8350   0.1002E-13
1836  1.8360   0.1002E-13
1837  1.8370   0.1002E-13
1838  1.8380   0.1001E-13
1839  1.8390   0.1001E-13
1840  1.8400   0.1001E-13
1841  1.8410   0.1001E-13
1842  1.8420   0.1000E-13
1843  1.8430   0.9999E-14
1844  1.8440   0.9996E-14
1845  1.8450   0.9992E-14
1846  1.8460   0.9989E-14
1847  1.8470   0.9986E-14
1848  1.8480   0.9983E-14
1849  1.8490   0.9980E-14
1850  1.8500   0.9976E-14
1851  1.8510   0.9973E-14
1852  1.8520   0.9970E-14
1853  1.8530   0.9967E-14
1854  1.8540   0.9963E-14
1855  1.8550   0.9960E-14
1856  1.8560   0.9957E-14
1857  1.8570   0.9953E-14
1858  1.8580   0.9950E-14
1859  1.8590   0.9947E-14
1860  1.8600   0.9943E-14
1861  1.8610   0.9940E-14
1862  1.8620   0.9937E-14
1863  1.8630   0.9933E-14
1864  1.8640   0.9930E-14
1865  1.8650   0.9927E-14
1866  1.8660   0.9923E-14
1867  1.8670   0.9920E-14
1868  1.8680   0.9916E-14
1869  1.8690   0.9913E-14
1870  1.8700   0.9909E-14
1871  1.8710   0.9906E-14
1872  1.8720   0.9903E-14
1873  1.8730   0.9899E-14
1874  1.8740   0.9896E-14
1875  1.8750   0.9892E-14
1876  1.8760   0.9889E-14
1877  1.8770   0.9885E-14
1878  1.8780   0.9882E-14
1879  1.8790   0.9878E-14
1880  1.8800   0.9875E-14
1881  1.8810   0.9871E-14
1882  1.8820   0.9868E-14
1883  1.8830   0.9864E-14
1884  1.8840   0.9860E-14
1885  1.8850   0.9857E-14
1886  1.8860   0.9853E-14
1887  1.8870   0.9850E-14
1888  1.8880   0.9846E-14
1889  1.8890   0.9843E-14
1890  1.8900   0.9839E-14
1891  1.8910   0.9835E-14
1892  1.8920   0.9832E-14
1893  1.8930   0.9828E-14
1894  1.8940   0.9824E-14
1895  1.8950   0.9821E-14
1896  1.8960   0.9817E-14
1897  1.8970   0.9813E-14
1898  1.8980   0.9810E-14
1899  1.8990   0.9806E-14
1900  1.9000   0.9802E-14
1901  1.9010   0.9799E-14
1902  1.9020   0.9795E-14
1903  1.9030   0.9791E-14
1904  1.9040   0.9787E-14
1905  1.9050   0.9784E-14
1906  1.9060   0.9780E-14
1907  1.9070   0.9776E-14
1908  1.9080   0.9772E-14
1909  1.9090   0.9769E-14
1910  1.9100   0.9765E-14
1911  1.9110   0.9761E-14
1912  1.9120   0.9757E-14
1913  1.9130   0.9753E-14
1914  1.9140   0.9750E-14
1915  1.9150   0.9746E-14
1916  1.9160   0.9742E-14
1917  1.9170   0.9738E-14
1918  1.9180   0.9734E-14
1919  1.9190   0.9730E-14
1920  1.9200   0.9726E-14
1921  1.9210   0.9722E-14
1922  1.9220   0.9719E-14
1923  1.9230   0.9715E-14
1924  1.9240   0.9711E-14
1925  1.9250   0.9707E-14
1926  1.9260   0.9703E-14
1927  1.9270   0.9699E-14
1928  1.9280   0.9695E-14
1929  1.9290   0.9691E-14
1930  1.9300   0.9687E-14
1931  1.9310   0.9683E-14
1932  1.9320   0.9679E-14
1933  1.9330   0.9675E-14
1934  1.9340   0.9671E-14
1935  1.9350   0.9667E-14
1936  1.9360   0.9663E-14
1937  1.9370   0.9659E-14
1938  1.9380   0.9655E-14
1939  1.9390   0.9651E-14
1940  1.9400   0.9647E-14
1941  1.9410   0.9643E-14
1942  1.9420   0.9639E-14
1943  1.9430   0.9635E-14
1944  1.9440   0.9631E-14
1945  1.9450   0.9626E-14
1946  1.9460   0.9622E-14
1947  1.9470   0.9618E-14
1948  1.9480   0.9614E-14
1949  1.9490   0.9610E-14
1950  1.9500   0.9606E-14
1951  1.9510   0.9602E-14
1952  1.9520   0.9597E-14
1953  1.9530   0.9593E-14
1954  1.9540   0.9589E-14
1955  1.9550   0.9585E-14
1956  1.9560   0.9581E-14
1957  1.9570   0.9576E-14
1958  1.9580   0.9572E-14
1959  1.9590   0.9568E-14
1960  1.9600   0.9564E-14
1961  1.9610   0.9560E-14
1962  1.9620   0.9555E-14
1963  1.9630   0.9551E-14
1964  1.9640   0.9547E-14
1965  1.9650   0.9542E-14
1966  1.9660   0.9538E-14
1967  1.9670   0.9534E-14
1968  1.9680   0.9530E-14
1969  1.9690   0.9525E-14
1970  1.9700   0.9521E-14
1971  1.9710   0.9517E-14
1972  1.9720   0.9512E-14
1973  1.9730   0.9508E-14
1974  1.9740   0.9504E-14
1975  1.9750   0.9499E-14
1976  1.9760   0.9495E-14
1977  1.9770   0.9490E-14
1978  1.9780   0.9486E-14
1979  1.9790   0.9482E-14
1980  1.9800   0.9477E-14
1981  1.9810   0.9473E-14
1982  1.9820   0.9468E-14
1983  1.9830   0.9464E-14
1984  1.9840   0.9460E-14
1985  1.9850   0.9455E-14
1986  1.9860   0.9451E-14
1987  1.9870   0.9446E-14
1988  1.9880   0.9442E-14
1989  1.9890   0.9437E-14
1990  1.9900   0.9433E-14
1991  1.9910   0.9428E-14
1992  1.9920   0.9424E-14
1993  1.9930   0.9419E-14
1994  1.9940   0.9415E-14
1995  1.9950   0.9410E-14
1996  1.9960   0.9406E-14
1997  1.9970   0.9401E-14
1998  1.9980   0.9396E-14
1999  1.9990   0.9392E-14
2000  2.0000   0.9387E-14
2001  2.0010   0.9383E-14
2002  2.0020   0.9378E-14
2003  2.0030   0.9373E-14
2004  2.0040   0.9369E-14
2005  2.0050   0.9364E-14
2006  2.0060   0.9360E-14
2007  2.0070   0.9355E-14
2008  2.0080   0.9350E-14
2009  2.0090   0.9346E-14
2010  2.0100   0.9341E-14
2011  2.0110   0.9336E-14
2012  2.0120   0.9332E-14
2013  2.0130   0.9327E-14
2014  2.0140   0.9322E-14
2015  2.0150   0.9318E-14
2016  2.0160   0.9313E-14
2017  2.0170   0.9308E-14
2018  2.0180   0.9303E-14
2019  2.0190   0.9299E-14
2020  2.0200   0.9294E-14
2021  2.0210   0.9289E-14
2022  2.0220   0.9284E-14
2023  2.0230   0.9280E-14
2024  2.0240   0.9275E-14
2025  2.0250   0.9270E-14
2026  2.0260   0.9265E-14
2027  2.0270   0.9260E-14
2028  2.0280   0.9256E-14
2029  2.0290   0.9251E-14
2030  2.0300   0.9246E-14
2031  2.0310   0.9241E-14
2032  2.0320   0.9236E-14
2033  2.0330   0.9231E-14
2034  2.0340   0.9227E-14
2035  2.0350   0.9222E-14
2036  2.0360   0.9217E-14
2037  2.0370   0.9212E-14
2038  2.0380   0.9207E-14
2039  2.0390   0.9202E-14
2040  2.0400   0.9197E-14
2041  2.0410   0.9192E-14
2042  2.0420   0.9187E-14
2043  2.0430   0.9182E-14
2044  2.0440   0.9177E-14
2045  2.0450   0.9172E-14
2046  2.0460   0.9167E-14
2047  2.0470   0.9163E-14
2048  2.0480   0.9158E-14
2049  2.0490   0.9153E-14
2050  2.0500   0.9148E-14
2051  2.0510   0.9143E-14
2052  2.0520   0.9138E-14
2053  2.0530   0.9133E-14
2054  2.0540   0.9127E-14
2055  2.0550   0.9122E-14
2056  2.0560   0.9117E-14
2057  2.0570   0.9112E-14
2058  2.0580   0.9107E-14
2059  2.0590   0.9102E-14
2060  2.0600   0.9097E-14
2061  2.0610   0.9092E-14
2062  2.0620   0.9087E-14
2063  2.0630   0.9082E-14
2064  2.0640   0.9077E-14
2065  2.0650   0.9072E-14
2066  2.0660   0.9067E-14
2067  2.0670   0.9061E-14
2068  2.0680   0.9056E-14
2069  2.0690   0.9051E-14
2070  2.0700   0.9046E-14
2071  2.0710   0.9041E-14
2072  2.0720   0.9036E-14
2073  2.0730   0.9030E-14
2074  2.0740   0.9025E-14
2075  2.0750   0.9020E-14
2076  2.0760   0.9015E-14
2077  2.0770   0.9010E-14
2078  2.0780   0.9004E-14
2079  2.0790   0.8999E-14
2080  2.0800   0.8994E-14
2081  2.0810   0.8989E-14
2082  2.0820   0.8983E-14
2083  2.0830   0.8978E-14
2084  2.0840   0.8973E-14
2085  2.0850   0.8968E-14
2086  2.0860   0.8962E-14
2087  2.0870   0.8957E-14
2088  2.0880   0.8952E-14
2089  2.0890   0.8946E-14
2090  2.0900   0.8941E-14
2091  2.0910   0.8936E-14
2092  2.0920   0.8930E-14
2093  2.0930   0.8925E-14
2094  2.0940   0.8920E-14
2095  2.0950   0.8914E-14
2096  2.0960   0.8909E-14
2097  2.0970   0.8904E-14
2098  2.0980   0.8898E-14
2099  2.0990   0.8893E-14
2100  2.1000   0.8888E-14
2101  2.1010   0.8882E-14
2102  2.1020   0.8877E-14
2103  2.1030   0.8871E-14
2104  2.1040   0.8866E-14
2105  2.1050   0.8860E-14
2106  2.1060   0.8855E-14
2107  2.1070   0.8850E-14
2108  2.1080   0.8844E-14
2109  2.1090   0.8839E-14
2110  2.1100   0.8833E-14
2111  2.1110   0.8828E-14
2112  2.1120   0.8822E-14
2113  2.1130   0.8817E-14
2114  2.1140   0.8811E-14
2115  2.1150   0.8806E-14
2116  2.1160   0.8800E-14
2117  2.1170   0.8795E-14
2118  2.1180   0.8789E-14
2119  2.1190   0.8784E-14
2120  2.1200   0.8778E-14
2121  2.1210   0.8772E-14
2122  2.1220   0.8767E-14
2123  2.1230   0.8761E-14
2124  2.1240   0.8756E-14
2125  2.1250   0.8750E-14
2126  2.1260   0.8745E-14
2127  2.1270   0.8739E-14
2128  2.1280   0.8733E-14
2129  2.1290   0.8728E-14
2130  2.1300   0.8722E-14
2131  2.1310   0.8716E-14
2132  2.1320   0.8711E-14
2133  2.1330   0.8705E-14
2134  2.1340   0.8700E-14
2135  2.1350   0.8694E-14
2136  2.1360   0.8688E-14
2137  2.1370   0.8683E-14
2138  2.1380   0.8677E-14
2139  2.1390   0.8671E-14
2140  2.1400   0.8665E-14
2141  2.1410   0.8660E-14
2142  2.1420   0.8654E-14
2143  2.1430   0.8648E-14
2144  2.1440   0.8643E-14
2145  2.1450   0.8637E-14
2146  2.1460   0.8631E-14
2147  2.1470   0.8625E-14
2148  2.1480   0.8620E-14
2149  2.1490   0.8614E-14
2150  2.1500   0.8608E-14
2151  2.1510   0.8602E-14
2152  2.1520   0.8596E-14
2153  2.1530   0.8591E-14
2154  2.1540   0.8585E-14
2155  2.1550   0.8579E-14
2156  2.1560   0.8573E-14
2157  2.1570   0.8567E-14
2158  2.1580   0.8562E-14
2159  2.1590   0.8556E-14
2160  2.1600   0.8550E-14
2161  2.1610   0.8544E-14
2162  2.1620   0.8538E-14
2163  2.1630   0.8532E-14
2164  2.1640   0.8526E-14
2165  2.1650   0.8521E-14
2166  2.1660   0.8515E-14
2167  2.1670   0.8509E-14
2168  2.1680   0.8503E-14
2169  2.1690   0.8497E-14
2170  2.1700   0.8491E-14
2171  2.1710   0.8485E-14
2172  2.1720   0.8479E-14
2173  2.1730   0.8473E-14
2174  2.1740   0.8467E-14
2175  2.1750   0.8461E-14
2176  2.1760   0.8455E-14
2177  2.1770   0.8449E-14
2178  2.1780   0.8443E-14
2179  2.1790   0.8437E-14
2180  2.1800   0.8431E-14
2181  2.1810   0.8425E-14
2182  2.1820   0.8419E-14
2183  2.1830   0.8413E-14
2184  2.1840   0.8407E-14
2185  2.1850   0.8401E-14
2186  2.1860   0.8395E-14
2187  2.1870   0.8389E-14
2188  2.1880   0.8383E-14
2189  2.1890   0.8377E-14
2190  2.1900   0.8371E-14
2191  2.1910   0.8365E-14
2192  2.1920   0.8359E-14
2193  2.1930   0.8353E-14
2194  2.1940   0.8347E-14
2195  2.1950   0.8341E-14
2196  2.1960   0.8335E-14
2197  2.1970   0.8329E-14
2198  2.1980   0.8322E-14
2199  2.1990   0.8316E-14
2200  2.2000   0.8310E-14
2201  2.2010   0.8304E-14
2202  2.2020   0.8298E-14
2203  2.2030   0.8292E-14
2204  2.2040   0.8286E-14
2205  2.2050   0.8279E-14
2206  2.2060   0.8273E-14
2207  2.2070   0.8267E-14
2208  2.2080   0.8261E-14
2209  2.2090   0.8255E-14
2210  2.2100   0.8248E-14
2211  2.2110   0.8242E-14
2212  2.2120   0.8236E-14
2213  2.2130   0.8230E-14
2214  2.2140   0.8224E-14
2215  2.2150   0.8217E-14
2216  2.2160   0.8211E-14
2217  2.2170   0.8205E-14
2218  2.2180   0.8199E-14
2219  2.2190   0.8192E-14
2220  2.2200   0.8186E-14
2221  2.2210   0.8180E-14
2222  2.2220   0.8174E-14
2223  2.2230   0.8167E-14
2224  2.2240   0.8161E-14
2225  2.2250   0.8155E-14
2226  2.2260   0.8148E-14
2227  2.2270   0.8142E-14
2228  2.2280   0.8136E-14
2229  2.2290   0.8129E-14
2230  2.2300   0.8123E-14
2231  2.2310   0.8117E-14
2232  2.2320   0.8110E-14
2233  2.2330   0.8104E-14
2234  2.2340   0.8098E-14
2235  2.2350   0.8091E-14
2236  2.2360   0.8085E-14
2237  2.2370   0.8079E-14
2238  2.2380   0.8072E-14
2239  2.2390   0.8066E-14
2240  2.2400   0.8059E-14
2241  2.2410   0.8053E-14
2242  2.2420   0.8047E-14
2243  2.2430   0.8040E-14
2244  2.2440   0.8034E-14
2245  2.2450   0.8027E-14
2246  2.2460   0.8021E-14
2247  2.2470   0.8014E-14
2248  2.2480   0.8008E-14
2249  2.2490   0.8001E-14
2250  2.2500   0.7995E-14
2251  2.2510   0.7989E-14
2252  2.2520   0.7982E-14
2253  2.2530   0.7976E-14
2254  2.2540   0.7969E-14
2255  2.2550   0.7963E-14
2256  2.2560   0.7956E-14
2257  2.2570   0.7950E-14
2258  2.2580   0.7943E-14
2259  2.2590   0.7937E-14
2260  2.2600   0.7930E-14
2261  2.2610   0.7923E-14
2262  2.2620   0.7917E-14
2263  2.2630   0.7910E-14
2264  2.2640   0.7904E-14
2265  2.2650   0.7897E-14
2266  2.2660   0.7891E-14
2267  2.2670   0.7884E-14
2268  2.2680   0.7878E-14
2269  2.2690   0.7871E-14
2270  2.2700   0.7864E-14
2271  2.2710   0.7858E-14
2272  2.2720   0.7851E-14
2273  2.2730   0.7845E-14
2274  2.2740   0.7838E-14
2275  2.2750   0.7831E-14
2276  2.2760   0.7825E-14
2277  2.2770   0.7818E-14
2278  2.2780   0.7811E-14
2279  2.2790   0.7805E-14
2280  2.2800   0.7798E-14
2281  2.2810   0.7791E-14
2282  2.2820   0.7785E-14
2283  2.2830   0.7778E-14
2284  2.2840   0.7771E-14
2285  2.2850   0.7765E-14
2286  2.2860   0.7758E-14
2287  2.2870   0.7751E-14
2288  2.2880   0.7745E-14
2289  2.2890   0.7738E-14
2290  2.2900   0.7731E-14
2291  2.2910   0.7724E-14
2292  2.2920   0.7718E-14
2293  2.2930   0.7711E-14
2294  2.2940   0.7704E-14
2295  2.2950   0.7697E-14
2296  2.2960   0.7691E-14
2297  2.2970   0.7684E-14
2298  2.2980   0.7677E-14
2299  2.2990   0.7670E-14
2300  2.3000   0.7664E-14
2301  2.3010   0.7657E-14
2302  2.3020   0.7650E-14
2303  2.3030   0.7643E-14
2304  2.3040   0.7636E-14
2305  2.3050   0.7630E-14
2306  2.3060   0.7623E-14
2307  2.3070   0.7616E-14
2308  2.3080   0.7609E-14
2309  2.3090   0.7602E-14
2310  2.3100   0.7596E-14
2311  2.3110   0.7589E-14
2312  2.3120   0.7582E-14
2313  2.3130   0.7575E-14
2314  2.3140   0.7568E-14
2315  2.3150   0.7561E-14
2316  2.3160   0.7554E-14
2317  2.3170   0.7548E-14
2318  2.3180   0.7541E-14
2319  2.3190   0.7534E-14
2320  2.3200   0.7527E-14
2321  2.3210   0.7520E-14
2322  2.3220   0.7513E-14
2323  2.3230   0.7506E-14
2324  2.3240   0.7499E-14
2325  2.3250   0.7492E-14
2326  2.3260   0.7485E-14
2327  2.3270   0.7478E-14
2328  2.3280   0.7472E-14
2329  2.3290   0.7465E-14
2330  2.3300   0.7458E-14
2331  2.3310   0.7451E-14
2332  2.3320   0.7444E-14
2333  2.3330   0.7437E-14
2334  2.3340   0.7430E-14
2335  2.3350   0.7423E-14
2336  2.3360   0.7416E-14
2337  2.3370   0.7409E-14
2338  2.3380   0.7402E-14
2339  2.3390   0.7395E-14
2340  2.3400   0.7388E-14
2341  2.3410   0.7381E-14
2342  2.3420   0.7374E-14
2343  2.3430   0.7367E-14
2344  2.3440   0.7360E-14
2345  2.3450   0.7353E-14
2346  2.3460   0.7346E-14
2347  2.3470   0.7339E-14
2348  2.3480   0.7332E-14
2349  2.3490   0.7325E-14
2350  2.3500   0.7317E-14
2351  2.3510   0.7310E-14
2352  2.3520   0.7303E-14
2353  2.3530   0.7296E-14
2354  2.3540   0.7289E-14
2355  2.3550   0.7282E-14
2356  2.3560   0.7275E-14
2357  2.3570   0.7268E-14
2358  2.3580   0.7261E-14
2359  2.3590   0.7254E-14
2360  2.3600   0.7247E-14
2361  2.3610   0.7239E-14
2362  2.3620   0.7232E-14
2363  2.3630   0.7225E-14
2364  2.3640   0.7218E-14
2365  2.3650   0.7211E-14
2366  2.3660   0.7204E-14
2367  2.3670   0.7197E-14
2368  2.3680   0.7189E-14
2369  2.3690   0.7182E-14
2370  2.3700   0.7175E-14
2371  2.3710   0.7168E-14
2372  2.3720   0.7161E-14
2373  2.3730   0.7154E-14
2374  2.3740   0.7146E-14
2375  2.3750   0.7139E-14
2376  2.3760   0.7132E-14
2377  2.3770   0.7125E-14
2378  2.3780   0.7118E-14
2379  2.3790   0.7110E-14
2380  2.3800   0.7103E-14
2381  2.3810   0.7096E-14
2382  2.3820   0.7089E-14
2383  2.3830   0.7081E-14
2384  2.3840   0.7074E-14
2385  2.3850   0.7067E-14
2386  2.3860   0.7060E-14
2387  2.3870   0.7052E-14
2388  2.3880   0.7045E-14
2389  2.3890   0.7038E-14
2390  2.3900   0.7031E-14
2391  2.3910   0.7023E-14
2392  2.3920   0.7016E-14
2393  2.3930   0.7009E-14
2394  2.3940   0.7002E-14
2395  2.3950   0.6994E-14
2396  2.3960   0.6987E-14
2397  2.3970   0.6980E-14
2398  2.3980   0.6972E-14
2399  2.3990   0.6965E-14
2400  2.4000   0.6958E-14
2401  2.4010   0.6950E-14
2402  2.4020   0.6943E-14
2403  2.4030   0.6936E-14
2404  2.4040   0.6928E-14
2405  2.4050   0.6921E-14
2406  2.4060   0.6914E-14
2407  2.4070   0.6906E-14
2408  2.4080   0.6899E-14
2409  2.4090   0.6892E-14
2410  2.4100   0.6884E-14
2411  2.4110   0.6877E-14
2412  2.4120   0.6870E-14
2413  2.4130   0.6862E-14
2414  2.4140   0.6855E-14
2415  2.4150   0.6847E-14
2416  2.4160   0.6840E-14
2417  2.4170   0.6833E-14
2418  2.4180   0.6825E-14
2419  2.4190   0.6818E-14
2420  2.4200   0.6810E-14
2421  2.4210   0.6803E-14
2422  2.4220   0.6796E-14
2423  2.4230   0.6788E-14
2424  2.4240   0.6781E-14
2425  2.4250   0.6773E-14
2426  2.4260   0.6766E-14
2427  2.4270   0.6758E-14
2428  2.4280   0.6751E-14
2429  2.4290   0.6743E-14
2430  2.4300   0.6736E-14
2431  2.4310   0.6729E-14
2432  2.4320   0.6721E-14
2433  2.4330   0.6714E-14
2434  2.4340   0.6706E-14
2435  2.4350   0.6699E-14
2436  2.4360   0.6691E-14
2437  2.4370   0.6684E-14
2438  2.4380   0.6676E-14
2439  2.4390   0.6669E-14
2440  2.4400   0.6661E-14
2441  2.4410   0.6654E-14
2442  2.4420   0.6646E-14
2443  2.4430   0.6639E-14
2444  2.4440   0.6631E-14
2445  2.4450   0.6624E-14
2446  2.4460   0.6616E-14
2447  2.4470   0.6609E-14
2448  2.4480   0.6601E-14
2449  2.4490   0.6594E-14
2450  2.4500   0.6586E-14
2451  2.4510   0.6578E-14
2452  2.4520   0.6571E-14
2453  2.4530   0.6563E-14
2454  2.4540   0.6556E-14
2455  2.4550   0.6548E-14
2456  2.4560   0.6541E-14
2457  2.4570   0.6533E-14
2458  2.4580   0.6525E-14
2459  2.4590   0.6518E-14
2460  2.4600   0.6510E-14
2461  2.4610   0.6503E-14
2462  2.4620   0.6495E-14
2463  2.4630   0.6488E-14
2464  2.4640   0.6480E-14
2465  2.4650   0.6472E-14
2466  2.4660   0.6465E-14
2467  2.4670   0.6457E-14
2468  2.4680   0.6449E-14
2469  2.4690   0.6442E-14
2470  2.4700   0.6434E-14
2471  2.4710   0.6427E-14
2472  2.4720   0.6419E-14
2473  2.4730   0.6411E-14
2474  2.4740   0.6404E-14
2475  2.4750   0.6396E-14
2476  2.4760   0.6388E-14
2477  2.4770   0.6381E-14
2478  2.4780   0.6373E-14
2479  2.4790   0.6365E-14
2480  2.4800   0.6358E-14
2481  2.4810   0.6350E-14
2482  2.4820   0.6342E-14
2483  2.4830   0.6335E-14
2484  2.4840   0.6327E-14
2485  2.4850   0.6319E-14
2486  2.4860   0.6312E-14
2487  2.4870   0.6304E-14
2488  2.4880   0.6296E-14
2489  2.4890   0.6289E-14
2490  2.4900   0.6281E-14
2491  2.4910   0.6273E-14
2492  2.4920   0.6266E-14
2493  2.4930   0.6258E-14
2494  2.4940   0.6250E-14
2495  2.4950   0.6242E-14
2496  2.4960   0.6235E-14
2497  2.4970   0.6227E-14
2498  2.4980   0.6219E-14
2499  2.4990   0.6211E-14
2500  2.5000   0.6204E-14
2501  2.5010   0.6196E-14
2502  2.5020   0.6188E-14
2503  2.5030   0.6181E-14
2504  2.5040   0.6173E-14
2505  2.5050   0.6165E-14
2506  2.5060   0.6157E-14
2507  2.5070   0.6149E-14
2508  2.5080   0.6142E-14
2509  2.5090   0.6134E-14
2510  2.5100   0.6126E-14
2511  2.5110   0.6118E-14
2512  2.5120   0.6111E-14
2513  2.5130   0.6103E-14
2514  2.5140   0.6095E-14
2515  2.5150   0.6087E-14
2516  2.5160   0.6079E-14
2517  2.5170   0.6072E-14
2518  2.5180   0.6064E-14
2519  2.5190   0.6056E-14
2520  2.5200   0.6048E-14
2521  2.5210   0.6040E-14
2522  2.5220   0.6033E-14
2523  2.5230   0.6025E-14
2524  2.5240   0.6017E-14
2525  2.5250   0.6009E-14
2526  2.5260   0.6001E-14
2527  2.5270   0.5994E-14
2528  2.5280   0.5986E-14
2529  2.5290   0.5978E-14
2530  2.5300   0.5970E-14
2531  2.5310   0.5962E-14
2532  2.5320   0.5954E-14
2533  2.5330   0.5947E-14
2534  2.5340   0.5939E-14
2535  2.5350   0.5931E-14
2536  2.5360   0.5923E-14
2537  2.5370   0.5915E-14
2538  2.5380   0.5907E-14
2539  2.5390   0.5899E-14
2540  2.5400   0.5891E-14
2541  2.5410   0.5884E-14
2542  2.5420   0.5876E-14
2543  2.5430   0.5868E-14
2544  2.5440   0.5860E-14
2545  2.5450   0.5852E-14
2546  2.5460   0.5844E-14
2547  2.5470   0.5836E-14
2548  2.5480   0.5828E-14
2549  2.5490   0.5821E-14
2550  2.5500   0.5813E-14
2551  2.5510   0.5805E-14
2552  2.5520   0.5797E-14
2553  2.5530   0.5789E-14
2554  2.5540   0.5781E-14
2555  2.5550   0.5773E-14
2556  2.5560   0.5765E-14
2557  2.5570   0.5757E-14
2558  2.5580   0.5749E-14
2559  2.5590   0.5741E-14
2560  2.5600   0.5734E-14
2561  2.5610   0.5726E-14
2562  2.5620   0.5718E-14
2563  2.5630   0.5710E-14
2564  2.5640   0.5702E-14
2565  2.5650   0.5694E-14
2566  2.5660   0.5686E-14
2567  2.5670   0.5678E-14
2568  2.5680   0.5670E-14
2569  2.5690   0.5662E-14
2570  2.5700   0.5654E-14
2571  2.5710   0.5646E-14
2572  2.5720   0.5638E-14
2573  2.5730   0.5630E-14
2574  2.5740   0.5622E-14
2575  2.5750   0.5614E-14
2576  2.5760   0.5606E-14
2577  2.5770   0.5598E-14
2578  2.5780   0.5590E-14
2579  2.5790   0.5582E-14
2580  2.5800   0.5574E-14
2581  2.5810   0.5566E-14
2582  2.5820   0.5558E-14
2583  2.5830   0.5551E-14
2584  2.5840   0.5543E-14
2585  2.5850   0.5535E-14
2586  2.5860   0.5527E-14
2587  2.5870   0.5519E-14
2588  2.5880   0.5511E-14
2589  2.5890   0.5503E-14
2590  2.5900   0.5495E-14
2591  2.5910   0.5487E-14
2592  2.5920   0.5479E-14
2593  2.5930   0.5471E-14
2594  2.5940   0.5463E-14
2595  2.5950   0.5455E-14
2596  2.5960   0.5446E-14
2597  2.5970   0.5438E-14
2598  2.5980   0.5430E-14
2599  2.5990   0.5422E-14
2600  2.6000   0.5414E-14
2601  2.6010   0.5406E-14
2602  2.6020   0.5398E-14
2603  2.6030   0.5390E-14
2604  2.6040   0.5382E-14
2605  2.6050   0.5374E-14
2606  2.6060   0.5366E-14
2607  2.6070   0.5358E-14
2608  2.6080   0.5350E-14
2609  2.6090   0.5342E-14
2610  2.6100   0.5334E-14
2611  2.6110   0.5326E-14
2612  2.6120   0.5318E-14
2613  2.6130   0.5310E-14
2614  2.6140   0.5302E-14
2615  2.6150   0.5294E-14
2616  2.6160   0.5286E-14
2617  2.6170   0.5278E-14
2618  2.6180   0.5270E-14
2619  2.6190   0.5262E-14
2620  2.6200   0.5254E-14
2621  2.6210   0.5245E-14
2622  2.6220   0.5237E-14
2623  2.6230   0.5229E-14
2624  2.6240   0.5221E-14
2625  2.6250   0.5213E-14
2626  2.6260   0.5205E-14
2627  2.6270   0.5197E-14
2628  2.6280   0.5189E-14
2629  2.6290   0.5181E-14
2630  2.6300   0.5173E-14
2631  2.6310   0.5165E-14
2632  2.6320   0.5157E-14
2633  2.6330   0.5149E-14
2634  2.6340   0.5140E-14
2635  2.6350   0.5132E-14
2636  2.6360   0.5124E-14
2637  2.6370   0.5116E-14
2638  2.6380   0.5108E-14
2639  2.6390   0.5100E-14
2640  2.6400   0.5092E-14
2641  2.6410   0.5084E-14
2642  2.6420   0.5076E-14
2643  2.6430   0.5068E-14
2644  2.6440   0.5060E-14
2645  2.6450   0.5051E-14
2646  2.6460   0.5043E-14
2647  2.6470   0.5035E-14
2648  2.6480   0.5027E-14
2649  2.6490   0.5019E-14
2650  2.6500   0.5011E-14
2651  2.6510   0.5003E-14
2652  2.6520   0.4995E-14
2653  2.6530   0.4987E-14
2654  2.6540   0.4978E-14
2655  2.6550   0.4970E-14
2656  2.6560   0.4962E-14
2657  2.6570   0.4954E-14
2658  2.6580   0.4946E-14
2659  2.6590   0.4938E-14
2660  2.6600   0.4930E-14
2661  2.6610   0.4922E-14
2662  2.6620   0.4914E-14
2663  2.6630   0.4905E-14
2664  2.6640   0.4897E-14
2665  2.6650   0.4889E-14
2666  2.6660   0.4881E-14
2667  2.6670   0.4873E-14
2668  2.6680   0.4865E-14
2669  2.6690   0.4857E-14
2670  2.6700   0.4848E-14
2671  2.6710   0.4840E-14
2672  2.6720   0.4832E-14
2673  2.6730   0.4824E-14
2674  2.6740   0.4816E-14
2675  2.6750   0.4808E-14
2676  2.6760   0.4800E-14
2677  2.6770   0.4792E-14
2678  2.6780   0.4783E-14
2679  2.6790   0.4775E-14
2680  2.6800   0.4767E-14
2681  2.6810   0.4759E-14
2682  2.6820   0.4751E-14
2683  2.6830   0.4743E-14
2684  2.6840   0.4735E-14
2685  2.6850   0.4726E-14
2686  2.6860   0.4718E-14
2687  2.6870   0.4710E-14
2688  2.6880   0.4702E-14
2689  2.6890   0.4694E-14
2690  2.6900   0.4686E-14
2691  2.6910   0.4678E-14
2692  2.6920   0.4669E-14
2693  2.6930   0.4661E-14
2694  2.6940   0.4653E-14
2695  2.6950   0.4645E-14
2696  2.6960   0.4637E-14
2697  2.6970   0.4629E-14
2698  2.6980   0.4620E-14
2699  2.6990   0.4612E-14
2700  2.7000   0.4604E-14
2701  2.7010   0.4596E-14
2702  2.7020   0.4588E-14
2703  2.7030   0.4580E-14
2704  2.7040   0.4572E-14
2705  2.7050   0.4563E-14
2706  2.7060   0.4555E-14
2707  2.7070   0.4547E-14
2708  2.7080   0.4539E-14
2709  2.7090   0.4531E-14
2710  2.7100   0.4523E-14
2711  2.7110   0.4514E-14
2712  2.7120   0.4506E-14
2713  2.7130   0.4498E-14
2714  2.7140   0.4490E-14
2715  2.7150   0.4482E-14
2716  2.7160   0.4474E-14
2717  2.7170   0.4466E-14
2718  2.7180   0.4457E-14
2719  2.7190   0.4449E-14
2720  2.7200   0.4441E-14
2721  2.7210   0.4433E-14
2722  2.7220   0.4425E-14
2723  2.7230   0.4417E-14
2724  2.7240   0.4408E-14
2725  2.7250   0.4400E-14
2726  2.7260   0.4392E-14
2727  2.7270   0.4384E-14
2728  2.7280   0.4376E-14
2729  2.7290   0.4368E-14
2730  2.7300   0.4359E-14
2731  2.7310   0.4351E-14
2732  2.7320   0.4343E-14
2733  2.7330   0.4335E-14
2734  2.7340   0.4327E-14
2735  2.7350   0.4319E-14
2736  2.7360   0.4311E-14
2737  2.7370   0.4302E-14
2738  2.7380   0.4294E-14
2739  2.7390   0.4286E-14
2740  2.7400   0.4278E-14
2741  2.7410   0.4270E-14
2742  2.7420   0.4262E-14
2743  2.7430   0.4253E-14
2744  2.7440   0.4245E-14
2745  2.7450   0.4237E-14
2746  2.7460   0.4229E-14
2747  2.7470   0.4221E-14
2748  2.7480   0.4213E-14
2749  2.7490   0.4205E-14
2750  2.7500   0.4196E-14
2751  2.7510   0.4188E-14
2752  2.7520   0.4180E-14
2753  2.7530   0.4172E-14
2754  2.7540   0.4164E-14
2755  2.7550   0.4156E-14
2756  2.7560   0.4147E-14
2757  2.7570   0.4139E-14
2758  2.7580   0.4131E-14
2759  2.7590   0.4123E-14
2760  2.7600   0.4115E-14
2761  2.7610   0.4107E-14
2762  2.7620   0.4099E-14
2763  2.7630   0.4090E-14
2764  2.7640   0.4082E-14
2765  2.7650   0.4074E-14
2766  2.7660   0.4066E-14
2767  2.7670   0.4058E-14
2768  2.7680   0.4050E-14
2769  2.7690   0.4042E-14
2770  2.7700   0.4033E-14
2771  2.7710   0.4025E-14
2772  2.7720   0.4017E-14
2773  2.7730   0.4009E-14
2774  2.7740   0.4001E-14
2775  2.7750   0.3993E-14
2776  2.7760   0.3985E-14
2777  2.7770   0.3977E-14
2778  2.7780   0.3968E-14
2779  2.7790   0.3960E-14
2780  2.7800   0.3952E-14
2781  2.7810   0.3944E-14
2782  2.7820   0.3936E-14
2783  2.7830   0.3928E-14
2784  2.7840   0.3920E-14
2785  2.7850   0.3912E-14
2786  2.7860   0.3903E-14
2787  2.7870   0.3895E-14
2788  2.7880   0.3887E-14
2789  2.7890   0.3879E-14
2790  2.7900   0.3871E-14
2791  2.7910   0.3863E-14
2792  2.7920   0.3855E-14
2793  2.7930   0.3847E-14
2794  2.7940   0.3839E-14
2795  2.7950   0.3830E-14
2796  2.7960   0.3822E-14
2797  2.7970   0.3814E-14
2798  2.7980   0.3806E-14
2799  2.7990   0.3798E-14
2800  2.8000   0.3790E-14
2801  2.8010   0.3782E-14
2802  2.8020   0.3774E-14
2803  2.8030   0.3766E-14
2804  2.8040   0.3758E-14
2805  2.8050   0.3749E-14
2806  2.8060   0.3741E-14
2807  2.8070   0.3733E-14
2808  2.8080   0.3725E-14
2809  2.8090   0.3717E-14
2810  2.8100   0.3709E-14
2811  2.8110   0.3701E-14
2812  2.8120   0.3693E-14
2813  2.8130   0.3685E-14
2814  2.8140   0.3677E-14
2815  2.8150   0.3669E-14
2816  2.8160   0.3661E-14
2817  2.8170   0.3653E-14
2818  2.8180   0.3644E-14
2819  2.8190   0.3636E-14
2820  2.8200   0.3628E-14
2821  2.8210   0.3620E-14
2822  2.8220   0.3612E-14
2823  2.8230   0.3604E-14
2824  2.8240   0.3596E-14
2825  2.8250   0.3588E-14
2826  2.8260   0.3580E-14
2827  2.8270   0.3572E-14
2828  2.8280   0.3564E-14
2829  2.8290   0.3556E-14
2830  2.8300   0.3548E-14
2831  2.8310   0.3540E-14
2832  2.8320   0.3532E-14
2833  2.8330   0.3524E-14
2834  2.8340   0.3516E-14
2835  2.8350   0.3508E-14
2836  2.8360   0.3500E-14
2837  2.8370   0.3492E-14
2838  2.8380   0.3484E-14
2839  2.8390   0.3476E-14
2840  2.8400   0.3468E-14
2841  2.8410   0.3460E-14
2842  2.8420   0.3452E-14
2843  2.8430   0.3444E-14
2844  2.8440   0.3436E-14
2845  2.8450   0.3428E-14
2846  2.8460   0.3420E-14
2847  2.8470   0.3412E-14
2848  2.8480   0.3404E-14
2849  2.8490   0.3396E-14
2850  2.8500   0.3388E-14
2851  2.8510   0.3380E-14
2852  2.8520   0.3372E-14
2853  2.8530   0.3364E-14
2854  2.8540   0.3356E-14
2855  2.8550   0.3348E-14
2856  2.8560   0.3340E-14
2857  2.8570   0.3332E-14
2858  2.8580   0.3324E-14
2859  2.8590   0.3316E-14
2860  2.8600   0.3308E-14
2861  2.8610   0.3300E-14
2862  2.8620   0.3292E-14
2863  2.8630   0.3284E-14
2864  2.8640   0.3276E-14
2865  2.8650   0.3269E-14
2866  2.8660   0.3261E-14
2867  2.8670   0.3253E-14
2868  2.8680   0.3245E-14
2869  2.8690   0.3237E-14
2870  2.8700   0.3229E-14
2871  2.8710   0.3221E-14
2872  2.8720   0.3213E-14
2873  2.8730   0.3205E-14
2874  2.8740   0.3197E-14
2875  2.8750   0.3189E-14
2876  2.8760   0.3182E-14
2877  2.8770   0.3174E-14
2878  2.8780   0.3166E-14
2879  2.8790   0.3158E-14
2880  2.8800   0.3150E-14
2881  2.8810   0.3142E-14
2882  2.8820   0.3134E-14
2883  2.8830   0.3127E-14
2884  2.8840   0.3119E-14
2885  2.8850   0.3111E-14
2886  2.8860   0.3103E-14
2887  2.8870   0.3095E-14
2888  2.8880   0.3087E-14
2889  2.8890   0.3080E-14
2890  2.8900   0.3072E-14
2891  2.8910   0.3064E-14
2892  2.8920   0.3056E-14
2893  2.8930   0.3048E-14
2894  2.8940   0.3041E-14
2895  2.8950   0.3033E-14
2896  2.8960   0.3025E-14
2897  2.8970   0.3017E-14
2898  2.8980   0.3009E-14
2899  2.8990   0.3002E-14
2900  2.9000   0.2994E-14
2901  2.9010   0.2986E-14
2902  2.9020   0.2978E-14
2903  2.9030   0.2971E-14
2904  2.9040   0.2963E-14
2905  2.9050   0.2955E-14
2906  2.9060   0.2947E-14
2907  2.9070   0.2940E-14
2908  2.9080   0.2932E-14
2909  2.9090   0.2924E-14
2910  2.9100   0.2916E-14
2911  2.9110   0.2909E-14
2912  2.9120   0.2901E-14
2913  2.9130   0.2893E-14
2914  2.9140   0.2886E-14
2915  2.9150   0.2878E-14
2916  2.9160   0.2870E-14
2917  2.9170   0.2863E-14
2918  2.9180   0.2855E-14
2919  2.9190   0.2847E-14
2920  2.9200   0.2840E-14
2921  2.9210   0.2832E-14
2922  2.9220   0.2825E-14
2923  2.9230   0.2817E-14
2924  2.9240   0.2809E-14
2925  2.9250   0.2802E-14
2926  2.9260   0.2794E-14
2927  2.9270   0.2787E-14
2928  2.9280   0.2779E-14
2929  2.9290   0.2771E-14
2930  2.9300   0.2764E-14
2931  2.9310   0.2756E-14
2932  2.9320   0.2749E-14
2933  2.9330   0.2741E-14
2934  2.9340   0.2734E-14
2935  2.9350   0.2726E-14
2936  2.9360   0.2719E-14
2937  2.9370   0.2711E-14
2938  2.9380   0.2704E-14
2939  2.9390   0.2696E-14
2940  2.9400   0.2689E-14
2941  2.9410   0.2681E-14
2942  2.9420   0.2674E-14
2943  2.9430   0.2666E-14
2944  2.9440   0.2659E-14
2945  2.9450   0.2652E-14
2946  2.9460   0.2644E-14
2947  2.9470   0.2637E-14
2948  2.9480   0.2629E-14
2949  2.9490   0.2622E-14
2950  2.9500   0.2615E-14
2951  2.9510   0.2607E-14
2952  2.9520   0.2600E-14
2953  2.9530   0.2593E-14
2954  2.9540   0.2585E-14
2955  2.9550   0.2578E-14
2956  2.9560   0.2571E-14
2957  2.9570   0.2563E-14
2958  2.9580   0.2556E-14
2959  2.9590   0.2549E-14
2960  2.9600   0.2542E-14
2961  2.9610   0.2534E-14
2962  2.9620   0.2527E-14
2963  2.9630   0.2520E-14
2964  2.9640   0.2513E-14
2965  2.9650   0.2506E-14
2966  2.9660   0.2498E-14
2967  2.9670   0.2491E-14
2968  2.9680   0.2484E-14
2969  2.9690   0.2477E-14
2970  2.9700   0.2470E-14
2971  2.9710   0.2463E-14
2972  2.9720   0.2456E-14
2973  2.9730   0.2449E-14
2974  2.9740   0.2442E-14
2975  2.9750   0.2435E-14
2976  2.9760   0.2428E-14
2977  2.9770   0.2421E-14
2978  2.9780   0.2414E-14
2979  2.9790   0.2407E-14
2980  2.9800   0.2400E-14
2981  2.9810   0.2393E-14
2982  2.9820   0.2386E-14
2983  2.9830   0.2379E-14
2984  2.9840   0.2372E-14
2985  2.9850   0.2366E-14
2986  2.9860   0.2359E-14
2987  2.9870   0.2352E-14
2988  2.9880   0.2345E-14
2989  2.9890   0.2338E-14
2990  2.9900   0.2332E-14
2991  2.9910   0.2325E-14
2992  2.9920   0.2318E-14
2993  2.9930   0.2312E-14
2994  2.9940   0.2305E-14
2995  2.9950   0.2299E-14
2996  2.9960   0.2293E-14
2997  2.9970   0.2285E-14
2998  2.9980   0.2280E-14
2999  2.9990   0.2272E-14
3000  3.0000   0.2266E-14
3001  3.0010   0.2261E-14
3002  3.0020   0.2252E-14
3003  3.0030   0.2248E-14
3004  3.0040   0.2240E-14
3005  3.0050   0.2234E-14
3006  3.0060   0.2229E-14
3007  3.0070   0.2220E-14
3008  3.0080   0.2217E-14
3009  3.0090   0.2208E-14
3010  3.0100   0.2205E-14
3011  3.0110   0.2195E-14
3012  3.0120   0.2192E-14
3013  3.0130   0.2184E-14
3014  3.0140   0.2180E-14
3015  3.0150   0.2171E-14
3016  3.0160   0.2168E-14
3017  3.0170   0.2159E-14
3018  3.0180   0.2159E-14
3019  3.0190   0.2146E-14
3020  3.0200   0.2147E-14
3021  3.0210   0.2133E-14
3022  3.0220   0.2130E-14
3023  3.0230   0.2127E-14
3024  3.0240   0.2112E-14
3025  3.0250   0.2114E-14
3026  3.0260   0.2114E-14
3027  3.0270   0.2100E-14
3028  3.0280   0.2084E-14
3029  3.0290   0.2081E-14
3030  3.0300   0.2080E-14
3031  3.0310   0.2071E-14
3032  3.0320   0.2049E-14
3033  3.0330   0.2113E-14
3034  3.0340   0.2131E-14
