   1  0.0010  -0.4189
   2  0.0020  -0.4226
   3  0.0030  -0.4267
   4  0.0040  -0.4301
   5  0.0050  -0.4339
   6  0.0060  -0.4379
   7  0.0070  -0.4416
   8  0.0080  -0.4448
   9  0.0090  -0.4477
  10  0.0100  -0.4516
  11  0.0110  -0.4554
  12  0.0120  -0.4581
  13  0.0130  -0.4619
  14  0.0140  -0.4651
  15  0.0150  -0.4678
  16  0.0160  -0.4716
  17  0.0170  -0.4742
  18  0.0180  -0.4779
  19  0.0190  -0.4803
  20  0.0200  -0.4839
  21  0.0210  -0.4866
  22  0.0220  -0.4898
  23  0.0230  -0.4924
  24  0.0240  -0.4958
  25  0.0250  -0.4980
  26  0.0260  -0.5014
  27  0.0270  -0.5037
  28  0.0280  -0.5068
  29  0.0290  -0.5094
  30  0.0300  -0.5121
  31  0.0310  -0.5149
  32  0.0320  -0.5173
  33  0.0330  -0.5202
  34  0.0340  -0.5226
  35  0.0350  -0.5253
  36  0.0360  -0.5278
  37  0.0370  -0.5302
  38  0.0380  -0.5329
  39  0.0390  -0.5352
  40  0.0400  -0.5377
  41  0.0410  -0.5401
  42  0.0420  -0.5424
  43  0.0430  -0.5449
  44  0.0440  -0.5472
  45  0.0450  -0.5494
  46  0.0460  -0.5518
  47  0.0470  -0.5540
  48  0.0480  -0.5563
  49  0.0490  -0.5586
  50  0.0500  -0.5607
  51  0.0510  -0.5629
  52  0.0520  -0.5651
  53  0.0530  -0.5672
  54  0.0540  -0.5693
  55  0.0550  -0.5715
  56  0.0560  -0.5735
  57  0.0570  -0.5756
  58  0.0580  -0.5777
  59  0.0590  -0.5797
  60  0.0600  -0.5817
  61  0.0610  -0.5837
  62  0.0620  -0.5857
  63  0.0630  -0.5876
  64  0.0640  -0.5896
  65  0.0650  -0.5915
  66  0.0660  -0.5934
  67  0.0670  -0.5953
  68  0.0680  -0.5972
  69  0.0690  -0.5990
  70  0.0700  -0.6009
  71  0.0710  -0.6027
  72  0.0720  -0.6045
  73  0.0730  -0.6063
  74  0.0740  -0.6081
  75  0.0750  -0.6099
  76  0.0760  -0.6116
  77  0.0770  -0.6134
  78  0.0780  -0.6151
  79  0.0790  -0.6168
  80  0.0800  -0.6185
  81  0.0810  -0.6202
  82  0.0820  -0.6219
  83  0.0830  -0.6235
  84  0.0840  -0.6252
  85  0.0850  -0.6268
  86  0.0860  -0.6284
  87  0.0870  -0.6300
  88  0.0880  -0.6316
  89  0.0890  -0.6332
  90  0.0900  -0.6348
  91  0.0910  -0.6363
  92  0.0920  -0.6379
  93  0.0930  -0.6394
  94  0.0940  -0.6410
  95  0.0950  -0.6425
  96  0.0960  -0.6440
  97  0.0970  -0.6455
  98  0.0980  -0.6470
  99  0.0990  -0.6484
 100  0.1000  -0.6499
 101  0.1010  -0.6513
 102  0.1020  -0.6528
 103  0.1030  -0.6542
 104  0.1040  -0.6556
 105  0.1050  -0.6570
 106  0.1060  -0.6584
 107  0.1070  -0.6598
 108  0.1080  -0.6612
 109  0.1090  -0.6626
 110  0.1100  -0.6639
 111  0.1110  -0.6653
 112  0.1120  -0.6666
 113  0.1130  -0.6680
 114  0.1140  -0.6693
 115  0.1150  -0.6706
 116  0.1160  -0.6719
 117  0.1170  -0.6732
 118  0.1180  -0.6745
 119  0.1190  -0.6758
 120  0.1200  -0.6770
 121  0.1210  -0.6783
 122  0.1220  -0.6796
 123  0.1230  -0.6808
 124  0.1240  -0.6820
 125  0.1250  -0.6833
 126  0.1260  -0.6845
 127  0.1270  -0.6857
 128  0.1280  -0.6869
 129  0.1290  -0.6881
 130  0.1300  -0.6893
 131  0.1310  -0.6905
 132  0.1320  -0.6916
 133  0.1330  -0.6928
 134  0.1340  -0.6940
 135  0.1350  -0.6951
 136  0.1360  -0.6963
 137  0.1370  -0.6974
 138  0.1380  -0.6985
 139  0.1390  -0.6997
 140  0.1400  -0.7008
 141  0.1410  -0.7019
 142  0.1420  -0.7030
 143  0.1430  -0.7041
 144  0.1440  -0.7052
 145  0.1450  -0.7062
 146  0.1460  -0.7073
 147  0.1470  -0.7084
 148  0.1480  -0.7094
 149  0.1490  -0.7105
 150  0.1500  -0.7115
 151  0.1510  -0.7126
 152  0.1520  -0.7136
 153  0.1530  -0.7146
 154  0.1540  -0.7157
 155  0.1550  -0.7167
 156  0.1560  -0.7177
 157  0.1570  -0.7187
 158  0.1580  -0.7197
 159  0.1590  -0.7207
 160  0.1600  -0.7217
 161  0.1610  -0.7226
 162  0.1620  -0.7236
 163  0.1630  -0.7246
 164  0.1640  -0.7256
 165  0.1650  -0.7265
 166  0.1660  -0.7275
 167  0.1670  -0.7284
 168  0.1680  -0.7293
 169  0.1690  -0.7303
 170  0.1700  -0.7312
 171  0.1710  -0.7321
 172  0.1720  -0.7331
 173  0.1730  -0.7340
 174  0.1740  -0.7349
 175  0.1750  -0.7358
 176  0.1760  -0.7367
 177  0.1770  -0.7376
 178  0.1780  -0.7385
 179  0.1790  -0.7393
 180  0.1800  -0.7402
 181  0.1810  -0.7411
 182  0.1820  -0.7420
 183  0.1830  -0.7428
 184  0.1840  -0.7437
 185  0.1850  -0.7445
 186  0.1860  -0.7454
 187  0.1870  -0.7462
 188  0.1880  -0.7471
 189  0.1890  -0.7479
 190  0.1900  -0.7487
 191  0.1910  -0.7496
 192  0.1920  -0.7504
 193  0.1930  -0.7512
 194  0.1940  -0.7520
 195  0.1950  -0.7528
 196  0.1960  -0.7536
 197  0.1970  -0.7544
 198  0.1980  -0.7552
 199  0.1990  -0.7560
 200  0.2000  -0.7568
 201  0.2010  -0.7576
 202  0.2020  -0.7584
 203  0.2030  -0.7591
 204  0.2040  -0.7599
 205  0.2050  -0.7607
 206  0.2060  -0.7614
 207  0.2070  -0.7622
 208  0.2080  -0.7629
 209  0.2090  -0.7637
 210  0.2100  -0.7644
 211  0.2110  -0.7652
 212  0.2120  -0.7659
 213  0.2130  -0.7666
 214  0.2140  -0.7674
 215  0.2150  -0.7681
 216  0.2160  -0.7688
 217  0.2170  -0.7695
 218  0.2180  -0.7703
 219  0.2190  -0.7710
 220  0.2200  -0.7717
 221  0.2210  -0.7724
 222  0.2220  -0.7731
 223  0.2230  -0.7738
 224  0.2240  -0.7745
 225  0.2250  -0.7752
 226  0.2260  -0.7758
 227  0.2270  -0.7765
 228  0.2280  -0.7772
 229  0.2290  -0.7779
 230  0.2300  -0.7786
 231  0.2310  -0.7792
 232  0.2320  -0.7799
 233  0.2330  -0.7806
 234  0.2340  -0.7812
 235  0.2350  -0.7819
 236  0.2360  -0.7825
 237  0.2370  -0.7832
 238  0.2380  -0.7838
 239  0.2390  -0.7845
 240  0.2400  -0.7851
 241  0.2410  -0.7857
 242  0.2420  -0.7864
 243  0.2430  -0.7870
 244  0.2440  -0.7876
 245  0.2450  -0.7883
 246  0.2460  -0.7889
 247  0.2470  -0.7895
 248  0.2480  -0.7901
 249  0.2490  -0.7907
 250  0.2500  -0.7913
 251  0.2510  -0.7919
 252  0.2520  -0.7925
 253  0.2530  -0.7931
 254  0.2540  -0.7937
 255  0.2550  -0.7943
 256  0.2560  -0.7949
 257  0.2570  -0.7955
 258  0.2580  -0.7961
 259  0.2590  -0.7967
 260  0.2600  -0.7973
 261  0.2610  -0.7978
 262  0.2620  -0.7984
 263  0.2630  -0.7990
 264  0.2640  -0.7996
 265  0.2650  -0.8001
 266  0.2660  -0.8007
 267  0.2670  -0.8013
 268  0.2680  -0.8018
 269  0.2690  -0.8024
 270  0.2700  -0.8029
 271  0.2710  -0.8035
 272  0.2720  -0.8040
 273  0.2730  -0.8046
 274  0.2740  -0.8051
 275  0.2750  -0.8057
 276  0.2760  -0.8062
 277  0.2770  -0.8067
 278  0.2780  -0.8073
 279  0.2790  -0.8078
 280  0.2800  -0.8083
 281  0.2810  -0.8089
 282  0.2820  -0.8094
 283  0.2830  -0.8099
 284  0.2840  -0.8104
 285  0.2850  -0.8110
 286  0.2860  -0.8115
 287  0.2870  -0.8120
 288  0.2880  -0.8125
 289  0.2890  -0.8130
 290  0.2900  -0.8135
 291  0.2910  -0.8140
 292  0.2920  -0.8145
 293  0.2930  -0.8150
 294  0.2940  -0.8155
 295  0.2950  -0.8160
 296  0.2960  -0.8165
 297  0.2970  -0.8170
 298  0.2980  -0.8175
 299  0.2990  -0.8180
 300  0.3000  -0.8184
 301  0.3010  -0.8189
 302  0.3020  -0.8194
 303  0.3030  -0.8199
 304  0.3040  -0.8204
 305  0.3050  -0.8208
 306  0.3060  -0.8213
 307  0.3070  -0.8218
 308  0.3080  -0.8222
 309  0.3090  -0.8227
 310  0.3100  -0.8232
 311  0.3110  -0.8236
 312  0.3120  -0.8241
 313  0.3130  -0.8245
 314  0.3140  -0.8250
 315  0.3150  -0.8255
 316  0.3160  -0.8259
 317  0.3170  -0.8264
 318  0.3180  -0.8268
 319  0.3190  -0.8273
 320  0.3200  -0.8277
 321  0.3210  -0.8281
 322  0.3220  -0.8286
 323  0.3230  -0.8290
 324  0.3240  -0.8295
 325  0.3250  -0.8299
 326  0.3260  -0.8303
 327  0.3270  -0.8308
 328  0.3280  -0.8312
 329  0.3290  -0.8316
 330  0.3300  -0.8320
 331  0.3310  -0.8325
 332  0.3320  -0.8329
 333  0.3330  -0.8333
 334  0.3340  -0.8337
 335  0.3350  -0.8341
 336  0.3360  -0.8345
 337  0.3370  -0.8350
 338  0.3380  -0.8354
 339  0.3390  -0.8358
 340  0.3400  -0.8362
 341  0.3410  -0.8366
 342  0.3420  -0.8370
 343  0.3430  -0.8374
 344  0.3440  -0.8378
 345  0.3450  -0.8382
 346  0.3460  -0.8386
 347  0.3470  -0.8390
 348  0.3480  -0.8394
 349  0.3490  -0.8398
 350  0.3500  -0.8402
 351  0.3510  -0.8406
 352  0.3520  -0.8410
 353  0.3530  -0.8413
 354  0.3540  -0.8417
 355  0.3550  -0.8421
 356  0.3560  -0.8425
 357  0.3570  -0.8429
 358  0.3580  -0.8433
 359  0.3590  -0.8436
 360  0.3600  -0.8440
 361  0.3610  -0.8444
 362  0.3620  -0.8448
 363  0.3630  -0.8451
 364  0.3640  -0.8455
 365  0.3650  -0.8459
 366  0.3660  -0.8462
 367  0.3670  -0.8466
 368  0.3680  -0.8470
 369  0.3690  -0.8473
 370  0.3700  -0.8477
 371  0.3710  -0.8481
 372  0.3720  -0.8484
 373  0.3730  -0.8488
 374  0.3740  -0.8491
 375  0.3750  -0.8495
 376  0.3760  -0.8498
 377  0.3770  -0.8502
 378  0.3780  -0.8505
 379  0.3790  -0.8509
 380  0.3800  -0.8512
 381  0.3810  -0.8516
 382  0.3820  -0.8519
 383  0.3830  -0.8523
 384  0.3840  -0.8526
 385  0.3850  -0.8530
 386  0.3860  -0.8533
 387  0.3870  -0.8536
 388  0.3880  -0.8540
 389  0.3890  -0.8543
 390  0.3900  -0.8546
 391  0.3910  -0.8550
 392  0.3920  -0.8553
 393  0.3930  -0.8556
 394  0.3940  -0.8560
 395  0.3950  -0.8563
 396  0.3960  -0.8566
 397  0.3970  -0.8569
 398  0.3980  -0.8573
 399  0.3990  -0.8576
 400  0.4000  -0.8579
 401  0.4010  -0.8582
 402  0.4020  -0.8586
 403  0.4030  -0.8589
 404  0.4040  -0.8592
 405  0.4050  -0.8595
 406  0.4060  -0.8598
 407  0.4070  -0.8601
 408  0.4080  -0.8604
 409  0.4090  -0.8608
 410  0.4100  -0.8611
 411  0.4110  -0.8614
 412  0.4120  -0.8617
 413  0.4130  -0.8620
 414  0.4140  -0.8623
 415  0.4150  -0.8626
 416  0.4160  -0.8629
 417  0.4170  -0.8632
 418  0.4180  -0.8635
 419  0.4190  -0.8638
 420  0.4200  -0.8641
 421  0.4210  -0.8644
 422  0.4220  -0.8647
 423  0.4230  -0.8650
 424  0.4240  -0.8653
 425  0.4250  -0.8656
 426  0.4260  -0.8659
 427  0.4270  -0.8662
 428  0.4280  -0.8665
 429  0.4290  -0.8667
 430  0.4300  -0.8670
 431  0.4310  -0.8673
 432  0.4320  -0.8676
 433  0.4330  -0.8679
 434  0.4340  -0.8682
 435  0.4350  -0.8685
 436  0.4360  -0.8687
 437  0.4370  -0.8690
 438  0.4380  -0.8693
 439  0.4390  -0.8696
 440  0.4400  -0.8698
 441  0.4410  -0.8701
 442  0.4420  -0.8704
 443  0.4430  -0.8707
 444  0.4440  -0.8709
 445  0.4450  -0.8712
 446  0.4460  -0.8715
 447  0.4470  -0.8718
 448  0.4480  -0.8720
 449  0.4490  -0.8723
 450  0.4500  -0.8726
 451  0.4510  -0.8728
 452  0.4520  -0.8731
 453  0.4530  -0.8734
 454  0.4540  -0.8736
 455  0.4550  -0.8739
 456  0.4560  -0.8742
 457  0.4570  -0.8744
 458  0.4580  -0.8747
 459  0.4590  -0.8749
 460  0.4600  -0.8752
 461  0.4610  -0.8755
 462  0.4620  -0.8757
 463  0.4630  -0.8760
 464  0.4640  -0.8762
 465  0.4650  -0.8765
 466  0.4660  -0.8767
 467  0.4670  -0.8770
 468  0.4680  -0.8772
 469  0.4690  -0.8775
 470  0.4700  -0.8777
 471  0.4710  -0.8780
 472  0.4720  -0.8782
 473  0.4730  -0.8785
 474  0.4740  -0.8787
 475  0.4750  -0.8790
 476  0.4760  -0.8792
 477  0.4770  -0.8794
 478  0.4780  -0.8797
 479  0.4790  -0.8799
 480  0.4800  -0.8802
 481  0.4810  -0.8804
 482  0.4820  -0.8807
 483  0.4830  -0.8809
 484  0.4840  -0.8811
 485  0.4850  -0.8814
 486  0.4860  -0.8816
 487  0.4870  -0.8818
 488  0.4880  -0.8821
 489  0.4890  -0.8823
 490  0.4900  -0.8825
 491  0.4910  -0.8828
 492  0.4920  -0.8830
 493  0.4930  -0.8832
 494  0.4940  -0.8835
 495  0.4950  -0.8837
 496  0.4960  -0.8839
 497  0.4970  -0.8841
 498  0.4980  -0.8844
 499  0.4990  -0.8846
 500  0.5000  -0.8848
 501  0.5010  -0.8850
 502  0.5020  -0.8853
 503  0.5030  -0.8855
 504  0.5040  -0.8857
 505  0.5050  -0.8859
 506  0.5060  -0.8862
 507  0.5070  -0.8864
 508  0.5080  -0.8866
 509  0.5090  -0.8868
 510  0.5100  -0.8870
 511  0.5110  -0.8873
 512  0.5120  -0.8875
 513  0.5130  -0.8877
 514  0.5140  -0.8879
 515  0.5150  -0.8881
 516  0.5160  -0.8883
 517  0.5170  -0.8885
 518  0.5180  -0.8888
 519  0.5190  -0.8890
 520  0.5200  -0.8892
 521  0.5210  -0.8894
 522  0.5220  -0.8896
 523  0.5230  -0.8898
 524  0.5240  -0.8900
 525  0.5250  -0.8902
 526  0.5260  -0.8904
 527  0.5270  -0.8906
 528  0.5280  -0.8908
 529  0.5290  -0.8910
 530  0.5300  -0.8912
 531  0.5310  -0.8914
 532  0.5320  -0.8916
 533  0.5330  -0.8918
 534  0.5340  -0.8921
 535  0.5350  -0.8923
 536  0.5360  -0.8925
 537  0.5370  -0.8926
 538  0.5380  -0.8928
 539  0.5390  -0.8930
 540  0.5400  -0.8932
 541  0.5410  -0.8934
 542  0.5420  -0.8936
 543  0.5430  -0.8938
 544  0.5440  -0.8940
 545  0.5450  -0.8942
 546  0.5460  -0.8944
 547  0.5470  -0.8946
 548  0.5480  -0.8948
 549  0.5490  -0.8950
 550  0.5500  -0.8952
 551  0.5510  -0.8954
 552  0.5520  -0.8956
 553  0.5530  -0.8958
 554  0.5540  -0.8959
 555  0.5550  -0.8961
 556  0.5560  -0.8963
 557  0.5570  -0.8965
 558  0.5580  -0.8967
 559  0.5590  -0.8969
 560  0.5600  -0.8971
 561  0.5610  -0.8972
 562  0.5620  -0.8974
 563  0.5630  -0.8976
 564  0.5640  -0.8978
 565  0.5650  -0.8980
 566  0.5660  -0.8982
 567  0.5670  -0.8983
 568  0.5680  -0.8985
 569  0.5690  -0.8987
 570  0.5700  -0.8989
 571  0.5710  -0.8991
 572  0.5720  -0.8992
 573  0.5730  -0.8994
 574  0.5740  -0.8996
 575  0.5750  -0.8998
 576  0.5760  -0.8999
 577  0.5770  -0.9001
 578  0.5780  -0.9003
 579  0.5790  -0.9005
 580  0.5800  -0.9006
 581  0.5810  -0.9008
 582  0.5820  -0.9010
 583  0.5830  -0.9012
 584  0.5840  -0.9013
 585  0.5850  -0.9015
 586  0.5860  -0.9017
 587  0.5870  -0.9018
 588  0.5880  -0.9020
 589  0.5890  -0.9022
 590  0.5900  -0.9023
 591  0.5910  -0.9025
 592  0.5920  -0.9027
 593  0.5930  -0.9028
 594  0.5940  -0.9030
 595  0.5950  -0.9032
 596  0.5960  -0.9033
 597  0.5970  -0.9035
 598  0.5980  -0.9037
 599  0.5990  -0.9038
 600  0.6000  -0.9040
 601  0.6010  -0.9042
 602  0.6020  -0.9043
 603  0.6030  -0.9045
 604  0.6040  -0.9047
 605  0.6050  -0.9048
 606  0.6060  -0.9050
 607  0.6070  -0.9051
 608  0.6080  -0.9053
 609  0.6090  -0.9055
 610  0.6100  -0.9056
 611  0.6110  -0.9058
 612  0.6120  -0.9059
 613  0.6130  -0.9061
 614  0.6140  -0.9062
 615  0.6150  -0.9064
 616  0.6160  -0.9065
 617  0.6170  -0.9067
 618  0.6180  -0.9069
 619  0.6190  -0.9070
 620  0.6200  -0.9072
 621  0.6210  -0.9073
 622  0.6220  -0.9075
 623  0.6230  -0.9076
 624  0.6240  -0.9078
 625  0.6250  -0.9079
 626  0.6260  -0.9081
 627  0.6270  -0.9082
 628  0.6280  -0.9084
 629  0.6290  -0.9085
 630  0.6300  -0.9087
 631  0.6310  -0.9088
 632  0.6320  -0.9090
 633  0.6330  -0.9091
 634  0.6340  -0.9093
 635  0.6350  -0.9094
 636  0.6360  -0.9096
 637  0.6370  -0.9097
 638  0.6380  -0.9099
 639  0.6390  -0.9100
 640  0.6400  -0.9101
 641  0.6410  -0.9103
 642  0.6420  -0.9104
 643  0.6430  -0.9106
 644  0.6440  -0.9107
 645  0.6450  -0.9109
 646  0.6460  -0.9110
 647  0.6470  -0.9111
 648  0.6480  -0.9113
 649  0.6490  -0.9114
 650  0.6500  -0.9116
 651  0.6510  -0.9117
 652  0.6520  -0.9118
 653  0.6530  -0.9120
 654  0.6540  -0.9121
 655  0.6550  -0.9123
 656  0.6560  -0.9124
 657  0.6570  -0.9125
 658  0.6580  -0.9127
 659  0.6590  -0.9128
 660  0.6600  -0.9129
 661  0.6610  -0.9131
 662  0.6620  -0.9132
 663  0.6630  -0.9134
 664  0.6640  -0.9135
 665  0.6650  -0.9136
 666  0.6660  -0.9138
 667  0.6670  -0.9139
 668  0.6680  -0.9140
 669  0.6690  -0.9142
 670  0.6700  -0.9143
 671  0.6710  -0.9144
 672  0.6720  -0.9146
 673  0.6730  -0.9147
 674  0.6740  -0.9148
 675  0.6750  -0.9149
 676  0.6760  -0.9151
 677  0.6770  -0.9152
 678  0.6780  -0.9153
 679  0.6790  -0.9155
 680  0.6800  -0.9156
 681  0.6810  -0.9157
 682  0.6820  -0.9158
 683  0.6830  -0.9160
 684  0.6840  -0.9161
 685  0.6850  -0.9162
 686  0.6860  -0.9164
 687  0.6870  -0.9165
 688  0.6880  -0.9166
 689  0.6890  -0.9167
 690  0.6900  -0.9169
 691  0.6910  -0.9170
 692  0.6920  -0.9171
 693  0.6930  -0.9172
 694  0.6940  -0.9174
 695  0.6950  -0.9175
 696  0.6960  -0.9176
 697  0.6970  -0.9177
 698  0.6980  -0.9178
 699  0.6990  -0.9180
 700  0.7000  -0.9181
 701  0.7010  -0.9182
 702  0.7020  -0.9183
 703  0.7030  -0.9185
 704  0.7040  -0.9186
 705  0.7050  -0.9187
 706  0.7060  -0.9188
 707  0.7070  -0.9189
 708  0.7080  -0.9191
 709  0.7090  -0.9192
 710  0.7100  -0.9193
 711  0.7110  -0.9194
 712  0.7120  -0.9195
 713  0.7130  -0.9196
 714  0.7140  -0.9198
 715  0.7150  -0.9199
 716  0.7160  -0.9200
 717  0.7170  -0.9201
 718  0.7180  -0.9202
 719  0.7190  -0.9203
 720  0.7200  -0.9204
 721  0.7210  -0.9206
 722  0.7220  -0.9207
 723  0.7230  -0.9208
 724  0.7240  -0.9209
 725  0.7250  -0.9210
 726  0.7260  -0.9211
 727  0.7270  -0.9212
 728  0.7280  -0.9214
 729  0.7290  -0.9215
 730  0.7300  -0.9216
 731  0.7310  -0.9217
 732  0.7320  -0.9218
 733  0.7330  -0.9219
 734  0.7340  -0.9220
 735  0.7350  -0.9221
 736  0.7360  -0.9222
 737  0.7370  -0.9224
 738  0.7380  -0.9225
 739  0.7390  -0.9226
 740  0.7400  -0.9227
 741  0.7410  -0.9228
 742  0.7420  -0.9229
 743  0.7430  -0.9230
 744  0.7440  -0.9231
 745  0.7450  -0.9232
 746  0.7460  -0.9233
 747  0.7470  -0.9234
 748  0.7480  -0.9235
 749  0.7490  -0.9236
 750  0.7500  -0.9238
 751  0.7510  -0.9239
 752  0.7520  -0.9240
 753  0.7530  -0.9241
 754  0.7540  -0.9242
 755  0.7550  -0.9243
 756  0.7560  -0.9244
 757  0.7570  -0.9245
 758  0.7580  -0.9246
 759  0.7590  -0.9247
 760  0.7600  -0.9248
 761  0.7610  -0.9249
 762  0.7620  -0.9250
 763  0.7630  -0.9251
 764  0.7640  -0.9252
 765  0.7650  -0.9253
 766  0.7660  -0.9254
 767  0.7670  -0.9255
 768  0.7680  -0.9256
 769  0.7690  -0.9257
 770  0.7700  -0.9258
 771  0.7710  -0.9259
 772  0.7720  -0.9260
 773  0.7730  -0.9261
 774  0.7740  -0.9262
 775  0.7750  -0.9263
 776  0.7760  -0.9264
 777  0.7770  -0.9265
 778  0.7780  -0.9266
 779  0.7790  -0.9267
 780  0.7800  -0.9268
 781  0.7810  -0.9269
 782  0.7820  -0.9270
 783  0.7830  -0.9271
 784  0.7840  -0.9272
 785  0.7850  -0.9273
 786  0.7860  -0.9274
 787  0.7870  -0.9275
 788  0.7880  -0.9276
 789  0.7890  -0.9277
 790  0.7900  -0.9277
 791  0.7910  -0.9278
 792  0.7920  -0.9279
 793  0.7930  -0.9280
 794  0.7940  -0.9281
 795  0.7950  -0.9282
 796  0.7960  -0.9283
 797  0.7970  -0.9284
 798  0.7980  -0.9285
 799  0.7990  -0.9286
 800  0.8000  -0.9287
 801  0.8010  -0.9288
 802  0.8020  -0.9289
 803  0.8030  -0.9290
 804  0.8040  -0.9290
 805  0.8050  -0.9291
 806  0.8060  -0.9292
 807  0.8070  -0.9293
 808  0.8080  -0.9294
 809  0.8090  -0.9295
 810  0.8100  -0.9296
 811  0.8110  -0.9297
 812  0.8120  -0.9298
 813  0.8130  -0.9299
 814  0.8140  -0.9299
 815  0.8150  -0.9300
 816  0.8160  -0.9301
 817  0.8170  -0.9302
 818  0.8180  -0.9303
 819  0.8190  -0.9304
 820  0.8200  -0.9305
 821  0.8210  -0.9306
 822  0.8220  -0.9307
 823  0.8230  -0.9307
 824  0.8240  -0.9308
 825  0.8250  -0.9309
 826  0.8260  -0.9310
 827  0.8270  -0.9311
 828  0.8280  -0.9312
 829  0.8290  -0.9313
 830  0.8300  -0.9313
 831  0.8310  -0.9314
 832  0.8320  -0.9315
 833  0.8330  -0.9316
 834  0.8340  -0.9317
 835  0.8350  -0.9318
 836  0.8360  -0.9318
 837  0.8370  -0.9319
 838  0.8380  -0.9320
 839  0.8390  -0.9321
 840  0.8400  -0.9322
 841  0.8410  -0.9323
 842  0.8420  -0.9323
 843  0.8430  -0.9324
 844  0.8440  -0.9325
 845  0.8450  -0.9326
 846  0.8460  -0.9327
 847  0.8470  -0.9328
 848  0.8480  -0.9328
 849  0.8490  -0.9329
 850  0.8500  -0.9330
 851  0.8510  -0.9331
 852  0.8520  -0.9332
 853  0.8530  -0.9332
 854  0.8540  -0.9333
 855  0.8550  -0.9334
 856  0.8560  -0.9335
 857  0.8570  -0.9336
 858  0.8580  -0.9336
 859  0.8590  -0.9337
 860  0.8600  -0.9338
 861  0.8610  -0.9339
 862  0.8620  -0.9339
 863  0.8630  -0.9340
 864  0.8640  -0.9341
 865  0.8650  -0.9342
 866  0.8660  -0.9343
 867  0.8670  -0.9343
 868  0.8680  -0.9344
 869  0.8690  -0.9345
 870  0.8700  -0.9346
 871  0.8710  -0.9346
 872  0.8720  -0.9347
 873  0.8730  -0.9348
 874  0.8740  -0.9349
 875  0.8750  -0.9349
 876  0.8760  -0.9350
 877  0.8770  -0.9351
 878  0.8780  -0.9352
 879  0.8790  -0.9352
 880  0.8800  -0.9353
 881  0.8810  -0.9354
 882  0.8820  -0.9355
 883  0.8830  -0.9355
 884  0.8840  -0.9356
 885  0.8850  -0.9357
 886  0.8860  -0.9358
 887  0.8870  -0.9358
 888  0.8880  -0.9359
 889  0.8890  -0.9360
 890  0.8900  -0.9361
 891  0.8910  -0.9361
 892  0.8920  -0.9362
 893  0.8930  -0.9363
 894  0.8940  -0.9363
 895  0.8950  -0.9364
 896  0.8960  -0.9365
 897  0.8970  -0.9366
 898  0.8980  -0.9366
 899  0.8990  -0.9367
 900  0.9000  -0.9368
 901  0.9010  -0.9368
 902  0.9020  -0.9369
 903  0.9030  -0.9370
 904  0.9040  -0.9371
 905  0.9050  -0.9371
 906  0.9060  -0.9372
 907  0.9070  -0.9373
 908  0.9080  -0.9373
 909  0.9090  -0.9374
 910  0.9100  -0.9375
 911  0.9110  -0.9375
 912  0.9120  -0.9376
 913  0.9130  -0.9377
 914  0.9140  -0.9377
 915  0.9150  -0.9378
 916  0.9160  -0.9379
 917  0.9170  -0.9380
 918  0.9180  -0.9380
 919  0.9190  -0.9381
 920  0.9200  -0.9382
 921  0.9210  -0.9382
 922  0.9220  -0.9383
 923  0.9230  -0.9384
 924  0.9240  -0.9384
 925  0.9250  -0.9385
 926  0.9260  -0.9386
 927  0.9270  -0.9386
 928  0.9280  -0.9387
 929  0.9290  -0.9388
 930  0.9300  -0.9388
 931  0.9310  -0.9389
 932  0.9320  -0.9389
 933  0.9330  -0.9390
 934  0.9340  -0.9391
 935  0.9350  -0.9391
 936  0.9360  -0.9392
 937  0.9370  -0.9393
 938  0.9380  -0.9393
 939  0.9390  -0.9394
 940  0.9400  -0.9395
 941  0.9410  -0.9395
 942  0.9420  -0.9396
 943  0.9430  -0.9397
 944  0.9440  -0.9397
 945  0.9450  -0.9398
 946  0.9460  -0.9398
 947  0.9470  -0.9399
 948  0.9480  -0.9400
 949  0.9490  -0.9400
 950  0.9500  -0.9401
 951  0.9510  -0.9402
 952  0.9520  -0.9402
 953  0.9530  -0.9403
 954  0.9540  -0.9403
 955  0.9550  -0.9404
 956  0.9560  -0.9405
 957  0.9570  -0.9405
 958  0.9580  -0.9406
 959  0.9590  -0.9406
 960  0.9600  -0.9407
 961  0.9610  -0.9408
 962  0.9620  -0.9408
 963  0.9630  -0.9409
 964  0.9640  -0.9409
 965  0.9650  -0.9410
 966  0.9660  -0.9411
 967  0.9670  -0.9411
 968  0.9680  -0.9412
 969  0.9690  -0.9412
 970  0.9700  -0.9413
 971  0.9710  -0.9414
 972  0.9720  -0.9414
 973  0.9730  -0.9415
 974  0.9740  -0.9415
 975  0.9750  -0.9416
 976  0.9760  -0.9417
 977  0.9770  -0.9417
 978  0.9780  -0.9418
 979  0.9790  -0.9418
 980  0.9800  -0.9419
 981  0.9810  -0.9419
 982  0.9820  -0.9420
 983  0.9830  -0.9421
 984  0.9840  -0.9421
 985  0.9850  -0.9422
 986  0.9860  -0.9422
 987  0.9870  -0.9423
 988  0.9880  -0.9423
 989  0.9890  -0.9424
 990  0.9900  -0.9425
 991  0.9910  -0.9425
 992  0.9920  -0.9426
 993  0.9930  -0.9426
 994  0.9940  -0.9427
 995  0.9950  -0.9427
 996  0.9960  -0.9428
 997  0.9970  -0.9428
 998  0.9980  -0.9429
 999  0.9990  -0.9430
1000  1.0000  -0.9430
1001  1.0010  -0.9431
1002  1.0020  -0.9431
1003  1.0030  -0.9432
1004  1.0040  -0.9432
1005  1.0050  -0.9433
1006  1.0060  -0.9433
1007  1.0070  -0.9434
1008  1.0080  -0.9434
1009  1.0090  -0.9435
1010  1.0100  -0.9435
1011  1.0110  -0.9436
1012  1.0120  -0.9437
1013  1.0130  -0.9437
1014  1.0140  -0.9438
1015  1.0150  -0.9438
1016  1.0160  -0.9439
1017  1.0170  -0.9439
1018  1.0180  -0.9440
1019  1.0190  -0.9440
1020  1.0200  -0.9441
1021  1.0210  -0.9441
1022  1.0220  -0.9442
1023  1.0230  -0.9442
1024  1.0240  -0.9443
1025  1.0250  -0.9443
1026  1.0260  -0.9444
1027  1.0270  -0.9444
1028  1.0280  -0.9445
1029  1.0290  -0.9445
1030  1.0300  -0.9446
1031  1.0310  -0.9446
1032  1.0320  -0.9447
1033  1.0330  -0.9447
1034  1.0340  -0.9448
1035  1.0350  -0.9448
1036  1.0360  -0.9449
1037  1.0370  -0.9449
1038  1.0380  -0.9450
1039  1.0390  -0.9450
1040  1.0400  -0.9451
1041  1.0410  -0.9451
1042  1.0420  -0.9452
1043  1.0430  -0.9452
1044  1.0440  -0.9453
1045  1.0450  -0.9453
1046  1.0460  -0.9454
1047  1.0470  -0.9454
1048  1.0480  -0.9455
1049  1.0490  -0.9455
1050  1.0500  -0.9456
1051  1.0510  -0.9456
1052  1.0520  -0.9457
1053  1.0530  -0.9457
1054  1.0540  -0.9458
1055  1.0550  -0.9458
1056  1.0560  -0.9459
1057  1.0570  -0.9459
1058  1.0580  -0.9460
1059  1.0590  -0.9460
1060  1.0600  -0.9460
1061  1.0610  -0.9461
1062  1.0620  -0.9461
1063  1.0630  -0.9462
1064  1.0640  -0.9462
1065  1.0650  -0.9463
1066  1.0660  -0.9463
1067  1.0670  -0.9464
1068  1.0680  -0.9464
1069  1.0690  -0.9465
1070  1.0700  -0.9465
1071  1.0710  -0.9466
1072  1.0720  -0.9466
1073  1.0730  -0.9466
1074  1.0740  -0.9467
1075  1.0750  -0.9467
1076  1.0760  -0.9468
1077  1.0770  -0.9468
1078  1.0780  -0.9469
1079  1.0790  -0.9469
1080  1.0800  -0.9470
1081  1.0810  -0.9470
1082  1.0820  -0.9470
1083  1.0830  -0.9471
1084  1.0840  -0.9471
1085  1.0850  -0.9472
1086  1.0860  -0.9472
1087  1.0870  -0.9473
1088  1.0880  -0.9473
1089  1.0890  -0.9474
1090  1.0900  -0.9474
1091  1.0910  -0.9474
1092  1.0920  -0.9475
1093  1.0930  -0.9475
1094  1.0940  -0.9476
1095  1.0950  -0.9476
1096  1.0960  -0.9477
1097  1.0970  -0.9477
1098  1.0980  -0.9477
1099  1.0990  -0.9478
1100  1.1000  -0.9478
1101  1.1010  -0.9479
1102  1.1020  -0.9479
1103  1.1030  -0.9479
1104  1.1040  -0.9480
1105  1.1050  -0.9480
1106  1.1060  -0.9481
1107  1.1070  -0.9481
1108  1.1080  -0.9482
1109  1.1090  -0.9482
1110  1.1100  -0.9482
1111  1.1110  -0.9483
1112  1.1120  -0.9483
1113  1.1130  -0.9484
1114  1.1140  -0.9484
1115  1.1150  -0.9484
1116  1.1160  -0.9485
1117  1.1170  -0.9485
1118  1.1180  -0.9486
1119  1.1190  -0.9486
1120  1.1200  -0.9486
1121  1.1210  -0.9487
1122  1.1220  -0.9487
1123  1.1230  -0.9488
1124  1.1240  -0.9488
1125  1.1250  -0.9488
1126  1.1260  -0.9489
1127  1.1270  -0.9489
1128  1.1280  -0.9490
1129  1.1290  -0.9490
1130  1.1300  -0.9490
1131  1.1310  -0.9491
1132  1.1320  -0.9491
1133  1.1330  -0.9492
1134  1.1340  -0.9492
1135  1.1350  -0.9492
1136  1.1360  -0.9493
1137  1.1370  -0.9493
1138  1.1380  -0.9493
1139  1.1390  -0.9494
1140  1.1400  -0.9494
1141  1.1410  -0.9495
1142  1.1420  -0.9495
1143  1.1430  -0.9495
1144  1.1440  -0.9496
1145  1.1450  -0.9496
1146  1.1460  -0.9496
1147  1.1470  -0.9497
1148  1.1480  -0.9497
1149  1.1490  -0.9498
1150  1.1500  -0.9498
1151  1.1510  -0.9498
1152  1.1520  -0.9499
1153  1.1530  -0.9499
1154  1.1540  -0.9499
1155  1.1550  -0.9500
1156  1.1560  -0.9500
1157  1.1570  -0.9501
1158  1.1580  -0.9501
1159  1.1590  -0.9501
1160  1.1600  -0.9502
1161  1.1610  -0.9502
1162  1.1620  -0.9502
1163  1.1630  -0.9503
1164  1.1640  -0.9503
1165  1.1650  -0.9503
1166  1.1660  -0.9504
1167  1.1670  -0.9504
1168  1.1680  -0.9504
1169  1.1690  -0.9505
1170  1.1700  -0.9505
1171  1.1710  -0.9505
1172  1.1720  -0.9506
1173  1.1730  -0.9506
1174  1.1740  -0.9507
1175  1.1750  -0.9507
1176  1.1760  -0.9507
1177  1.1770  -0.9508
1178  1.1780  -0.9508
1179  1.1790  -0.9508
1180  1.1800  -0.9509
1181  1.1810  -0.9509
1182  1.1820  -0.9509
1183  1.1830  -0.9510
1184  1.1840  -0.9510
1185  1.1850  -0.9510
1186  1.1860  -0.9511
1187  1.1870  -0.9511
1188  1.1880  -0.9511
1189  1.1890  -0.9512
1190  1.1900  -0.9512
1191  1.1910  -0.9512
1192  1.1920  -0.9513
1193  1.1930  -0.9513
1194  1.1940  -0.9513
1195  1.1950  -0.9514
1196  1.1960  -0.9514
1197  1.1970  -0.9514
1198  1.1980  -0.9515
1199  1.1990  -0.9515
1200  1.2000  -0.9515
1201  1.2010  -0.9516
1202  1.2020  -0.9516
1203  1.2030  -0.9516
1204  1.2040  -0.9516
1205  1.2050  -0.9517
1206  1.2060  -0.9517
1207  1.2070  -0.9517
1208  1.2080  -0.9518
1209  1.2090  -0.9518
1210  1.2100  -0.9518
1211  1.2110  -0.9519
1212  1.2120  -0.9519
1213  1.2130  -0.9519
1214  1.2140  -0.9520
1215  1.2150  -0.9520
1216  1.2160  -0.9520
1217  1.2170  -0.9521
1218  1.2180  -0.9521
1219  1.2190  -0.9521
1220  1.2200  -0.9521
1221  1.2210  -0.9522
1222  1.2220  -0.9522
1223  1.2230  -0.9522
1224  1.2240  -0.9523
1225  1.2250  -0.9523
1226  1.2260  -0.9523
1227  1.2270  -0.9524
1228  1.2280  -0.9524
1229  1.2290  -0.9524
1230  1.2300  -0.9524
1231  1.2310  -0.9525
1232  1.2320  -0.9525
1233  1.2330  -0.9525
1234  1.2340  -0.9526
1235  1.2350  -0.9526
1236  1.2360  -0.9526
1237  1.2370  -0.9527
1238  1.2380  -0.9527
1239  1.2390  -0.9527
1240  1.2400  -0.9527
1241  1.2410  -0.9528
1242  1.2420  -0.9528
1243  1.2430  -0.9528
1244  1.2440  -0.9529
1245  1.2450  -0.9529
1246  1.2460  -0.9529
1247  1.2470  -0.9529
1248  1.2480  -0.9530
1249  1.2490  -0.9530
1250  1.2500  -0.9530
1251  1.2510  -0.9530
1252  1.2520  -0.9531
1253  1.2530  -0.9531
1254  1.2540  -0.9531
1255  1.2550  -0.9532
1256  1.2560  -0.9532
1257  1.2570  -0.9532
1258  1.2580  -0.9532
1259  1.2590  -0.9533
1260  1.2600  -0.9533
1261  1.2610  -0.9533
1262  1.2620  -0.9533
1263  1.2630  -0.9534
1264  1.2640  -0.9534
1265  1.2650  -0.9534
1266  1.2660  -0.9535
1267  1.2670  -0.9535
1268  1.2680  -0.9535
1269  1.2690  -0.9535
1270  1.2700  -0.9536
1271  1.2710  -0.9536
1272  1.2720  -0.9536
1273  1.2730  -0.9536
1274  1.2740  -0.9537
1275  1.2750  -0.9537
1276  1.2760  -0.9537
1277  1.2770  -0.9537
1278  1.2780  -0.9538
1279  1.2790  -0.9538
1280  1.2800  -0.9538
1281  1.2810  -0.9538
1282  1.2820  -0.9539
1283  1.2830  -0.9539
1284  1.2840  -0.9539
1285  1.2850  -0.9539
1286  1.2860  -0.9540
1287  1.2870  -0.9540
1288  1.2880  -0.9540
1289  1.2890  -0.9540
1290  1.2900  -0.9541
1291  1.2910  -0.9541
1292  1.2920  -0.9541
1293  1.2930  -0.9541
1294  1.2940  -0.9542
1295  1.2950  -0.9542
1296  1.2960  -0.9542
1297  1.2970  -0.9542
1298  1.2980  -0.9543
1299  1.2990  -0.9543
1300  1.3000  -0.9543
1301  1.3010  -0.9543
1302  1.3020  -0.9544
1303  1.3030  -0.9544
1304  1.3040  -0.9544
1305  1.3050  -0.9544
1306  1.3060  -0.9545
1307  1.3070  -0.9545
1308  1.3080  -0.9545
1309  1.3090  -0.9545
1310  1.3100  -0.9545
1311  1.3110  -0.9546
1312  1.3120  -0.9546
1313  1.3130  -0.9546
1314  1.3140  -0.9546
1315  1.3150  -0.9547
1316  1.3160  -0.9547
1317  1.3170  -0.9547
1318  1.3180  -0.9547
1319  1.3190  -0.9548
1320  1.3200  -0.9548
1321  1.3210  -0.9548
1322  1.3220  -0.9548
1323  1.3230  -0.9548
1324  1.3240  -0.9549
1325  1.3250  -0.9549
1326  1.3260  -0.9549
1327  1.3270  -0.9549
1328  1.3280  -0.9550
1329  1.3290  -0.9550
1330  1.3300  -0.9550
1331  1.3310  -0.9550
1332  1.3320  -0.9550
1333  1.3330  -0.9551
1334  1.3340  -0.9551
1335  1.3350  -0.9551
1336  1.3360  -0.9551
1337  1.3370  -0.9551
1338  1.3380  -0.9552
1339  1.3390  -0.9552
1340  1.3400  -0.9552
1341  1.3410  -0.9552
1342  1.3420  -0.9553
1343  1.3430  -0.9553
1344  1.3440  -0.9553
1345  1.3450  -0.9553
1346  1.3460  -0.9553
1347  1.3470  -0.9554
1348  1.3480  -0.9554
1349  1.3490  -0.9554
1350  1.3500  -0.9554
1351  1.3510  -0.9554
1352  1.3520  -0.9555
1353  1.3530  -0.9555
1354  1.3540  -0.9555
1355  1.3550  -0.9555
1356  1.3560  -0.9555
1357  1.3570  -0.9556
1358  1.3580  -0.9556
1359  1.3590  -0.9556
1360  1.3600  -0.9556
1361  1.3610  -0.9556
1362  1.3620  -0.9557
1363  1.3630  -0.9557
1364  1.3640  -0.9557
1365  1.3650  -0.9557
1366  1.3660  -0.9557
1367  1.3670  -0.9557
1368  1.3680  -0.9558
1369  1.3690  -0.9558
1370  1.3700  -0.9558
1371  1.3710  -0.9558
1372  1.3720  -0.9558
1373  1.3730  -0.9559
1374  1.3740  -0.9559
1375  1.3750  -0.9559
1376  1.3760  -0.9559
1377  1.3770  -0.9559
1378  1.3780  -0.9560
1379  1.3790  -0.9560
1380  1.3800  -0.9560
1381  1.3810  -0.9560
1382  1.3820  -0.9560
1383  1.3830  -0.9560
1384  1.3840  -0.9561
1385  1.3850  -0.9561
1386  1.3860  -0.9561
1387  1.3870  -0.9561
1388  1.3880  -0.9561
1389  1.3890  -0.9562
1390  1.3900  -0.9562
1391  1.3910  -0.9562
1392  1.3920  -0.9562
1393  1.3930  -0.9562
1394  1.3940  -0.9562
1395  1.3950  -0.9563
1396  1.3960  -0.9563
1397  1.3970  -0.9563
1398  1.3980  -0.9563
1399  1.3990  -0.9563
1400  1.4000  -0.9563
1401  1.4010  -0.9564
1402  1.4020  -0.9564
1403  1.4030  -0.9564
1404  1.4040  -0.9564
1405  1.4050  -0.9564
1406  1.4060  -0.9564
1407  1.4070  -0.9565
1408  1.4080  -0.9565
1409  1.4090  -0.9565
1410  1.4100  -0.9565
1411  1.4110  -0.9565
1412  1.4120  -0.9565
1413  1.4130  -0.9566
1414  1.4140  -0.9566
1415  1.4150  -0.9566
1416  1.4160  -0.9566
1417  1.4170  -0.9566
1418  1.4180  -0.9566
1419  1.4190  -0.9566
1420  1.4200  -0.9567
1421  1.4210  -0.9567
1422  1.4220  -0.9567
1423  1.4230  -0.9567
1424  1.4240  -0.9567
1425  1.4250  -0.9567
1426  1.4260  -0.9568
1427  1.4270  -0.9568
1428  1.4280  -0.9568
1429  1.4290  -0.9568
1430  1.4300  -0.9568
1431  1.4310  -0.9568
1432  1.4320  -0.9568
1433  1.4330  -0.9569
1434  1.4340  -0.9569
1435  1.4350  -0.9569
1436  1.4360  -0.9569
1437  1.4370  -0.9569
1438  1.4380  -0.9569
1439  1.4390  -0.9569
1440  1.4400  -0.9570
1441  1.4410  -0.9570
1442  1.4420  -0.9570
1443  1.4430  -0.9570
1444  1.4440  -0.9570
1445  1.4450  -0.9570
1446  1.4460  -0.9570
1447  1.4470  -0.9571
1448  1.4480  -0.9571
1449  1.4490  -0.9571
1450  1.4500  -0.9571
1451  1.4510  -0.9571
1452  1.4520  -0.9571
1453  1.4530  -0.9571
1454  1.4540  -0.9572
1455  1.4550  -0.9572
1456  1.4560  -0.9572
1457  1.4570  -0.9572
1458  1.4580  -0.9572
1459  1.4590  -0.9572
1460  1.4600  -0.9572
1461  1.4610  -0.9572
1462  1.4620  -0.9573
1463  1.4630  -0.9573
1464  1.4640  -0.9573
1465  1.4650  -0.9573
1466  1.4660  -0.9573
1467  1.4670  -0.9573
1468  1.4680  -0.9573
1469  1.4690  -0.9574
1470  1.4700  -0.9574
1471  1.4710  -0.9574
1472  1.4720  -0.9574
1473  1.4730  -0.9574
1474  1.4740  -0.9574
1475  1.4750  -0.9574
1476  1.4760  -0.9574
1477  1.4770  -0.9574
1478  1.4780  -0.9575
1479  1.4790  -0.9575
1480  1.4800  -0.9575
1481  1.4810  -0.9575
1482  1.4820  -0.9575
1483  1.4830  -0.9575
1484  1.4840  -0.9575
1485  1.4850  -0.9575
1486  1.4860  -0.9576
1487  1.4870  -0.9576
1488  1.4880  -0.9576
1489  1.4890  -0.9576
1490  1.4900  -0.9576
1491  1.4910  -0.9576
1492  1.4920  -0.9576
1493  1.4930  -0.9576
1494  1.4940  -0.9576
1495  1.4950  -0.9577
1496  1.4960  -0.9577
1497  1.4970  -0.9577
1498  1.4980  -0.9577
1499  1.4990  -0.9577
1500  1.5000  -0.9577
1501  1.5010  -0.9577
1502  1.5020  -0.9577
1503  1.5030  -0.9577
1504  1.5040  -0.9577
1505  1.5050  -0.9578
1506  1.5060  -0.9578
1507  1.5070  -0.9578
1508  1.5080  -0.9578
1509  1.5090  -0.9578
1510  1.5100  -0.9578
1511  1.5110  -0.9578
1512  1.5120  -0.9578
1513  1.5130  -0.9578
1514  1.5140  -0.9578
1515  1.5150  -0.9579
1516  1.5160  -0.9579
1517  1.5170  -0.9579
1518  1.5180  -0.9579
1519  1.5190  -0.9579
1520  1.5200  -0.9579
1521  1.5210  -0.9579
1522  1.5220  -0.9579
1523  1.5230  -0.9579
1524  1.5240  -0.9579
1525  1.5250  -0.9580
1526  1.5260  -0.9580
1527  1.5270  -0.9580
1528  1.5280  -0.9580
1529  1.5290  -0.9580
1530  1.5300  -0.9580
1531  1.5310  -0.9580
1532  1.5320  -0.9580
1533  1.5330  -0.9580
1534  1.5340  -0.9580
1535  1.5350  -0.9580
1536  1.5360  -0.9580
1537  1.5370  -0.9581
1538  1.5380  -0.9581
1539  1.5390  -0.9581
1540  1.5400  -0.9581
1541  1.5410  -0.9581
1542  1.5420  -0.9581
1543  1.5430  -0.9581
1544  1.5440  -0.9581
1545  1.5450  -0.9581
1546  1.5460  -0.9581
1547  1.5470  -0.9581
1548  1.5480  -0.9581
1549  1.5490  -0.9582
1550  1.5500  -0.9582
1551  1.5510  -0.9582
1552  1.5520  -0.9582
1553  1.5530  -0.9582
1554  1.5540  -0.9582
1555  1.5550  -0.9582
1556  1.5560  -0.9582
1557  1.5570  -0.9582
1558  1.5580  -0.9582
1559  1.5590  -0.9582
1560  1.5600  -0.9582
1561  1.5610  -0.9582
1562  1.5620  -0.9582
1563  1.5630  -0.9583
1564  1.5640  -0.9583
1565  1.5650  -0.9583
1566  1.5660  -0.9583
1567  1.5670  -0.9583
1568  1.5680  -0.9583
1569  1.5690  -0.9583
1570  1.5700  -0.9583
1571  1.5710  -0.9583
1572  1.5720  -0.9583
1573  1.5730  -0.9583
1574  1.5740  -0.9583
1575  1.5750  -0.9583
1576  1.5760  -0.9583
1577  1.5770  -0.9583
1578  1.5780  -0.9584
1579  1.5790  -0.9584
1580  1.5800  -0.9584
1581  1.5810  -0.9584
1582  1.5820  -0.9584
1583  1.5830  -0.9584
1584  1.5840  -0.9584
1585  1.5850  -0.9584
1586  1.5860  -0.9584
1587  1.5870  -0.9584
1588  1.5880  -0.9584
1589  1.5890  -0.9584
1590  1.5900  -0.9584
1591  1.5910  -0.9584
1592  1.5920  -0.9584
1593  1.5930  -0.9584
1594  1.5940  -0.9584
1595  1.5950  -0.9584
1596  1.5960  -0.9585
1597  1.5970  -0.9585
1598  1.5980  -0.9585
1599  1.5990  -0.9585
1600  1.6000  -0.9585
1601  1.6010  -0.9585
1602  1.6020  -0.9585
1603  1.6030  -0.9585
1604  1.6040  -0.9585
1605  1.6050  -0.9585
1606  1.6060  -0.9585
1607  1.6070  -0.9585
1608  1.6080  -0.9585
1609  1.6090  -0.9585
1610  1.6100  -0.9585
1611  1.6110  -0.9585
1612  1.6120  -0.9585
1613  1.6130  -0.9585
1614  1.6140  -0.9585
1615  1.6150  -0.9585
1616  1.6160  -0.9585
1617  1.6170  -0.9585
1618  1.6180  -0.9585
1619  1.6190  -0.9586
1620  1.6200  -0.9586
1621  1.6210  -0.9586
1622  1.6220  -0.9586
1623  1.6230  -0.9586
1624  1.6240  -0.9586
1625  1.6250  -0.9586
1626  1.6260  -0.9586
1627  1.6270  -0.9586
1628  1.6280  -0.9586
1629  1.6290  -0.9586
1630  1.6300  -0.9586
1631  1.6310  -0.9586
1632  1.6320  -0.9586
1633  1.6330  -0.9586
1634  1.6340  -0.9586
1635  1.6350  -0.9586
1636  1.6360  -0.9586
1637  1.6370  -0.9586
1638  1.6380  -0.9586
1639  1.6390  -0.9586
1640  1.6400  -0.9586
1641  1.6410  -0.9586
1642  1.6420  -0.9586
1643  1.6430  -0.9586
1644  1.6440  -0.9586
1645  1.6450  -0.9586
1646  1.6460  -0.9586
1647  1.6470  -0.9586
1648  1.6480  -0.9586
1649  1.6490  -0.9586
1650  1.6500  -0.9586
1651  1.6510  -0.9586
1652  1.6520  -0.9586
1653  1.6530  -0.9586
1654  1.6540  -0.9586
1655  1.6550  -0.9586
1656  1.6560  -0.9587
1657  1.6570  -0.9587
1658  1.6580  -0.9587
1659  1.6590  -0.9587
1660  1.6600  -0.9587
1661  1.6610  -0.9587
1662  1.6620  -0.9587
1663  1.6630  -0.9587
1664  1.6640  -0.9587
1665  1.6650  -0.9587
1666  1.6660  -0.9587
1667  1.6670  -0.9587
1668  1.6680  -0.9587
1669  1.6690  -0.9587
1670  1.6700  -0.9587
1671  1.6710  -0.9587
1672  1.6720  -0.9587
1673  1.6730  -0.9587
1674  1.6740  -0.9587
1675  1.6750  -0.9587
1676  1.6760  -0.9587
1677  1.6770  -0.9587
1678  1.6780  -0.9587
1679  1.6790  -0.9587
1680  1.6800  -0.9587
1681  1.6810  -0.9587
1682  1.6820  -0.9587
1683  1.6830  -0.9587
1684  1.6840  -0.9587
1685  1.6850  -0.9587
1686  1.6860  -0.9587
1687  1.6870  -0.9587
1688  1.6880  -0.9587
1689  1.6890  -0.9587
1690  1.6900  -0.9587
1691  1.6910  -0.9587
1692  1.6920  -0.9587
1693  1.6930  -0.9587
1694  1.6940  -0.9587
1695  1.6950  -0.9587
1696  1.6960  -0.9587
1697  1.6970  -0.9587
1698  1.6980  -0.9587
1699  1.6990  -0.9587
1700  1.7000  -0.9587
1701  1.7010  -0.9587
1702  1.7020  -0.9587
1703  1.7030  -0.9587
1704  1.7040  -0.9587
1705  1.7050  -0.9587
1706  1.7060  -0.9587
1707  1.7070  -0.9587
1708  1.7080  -0.9587
1709  1.7090  -0.9587
1710  1.7100  -0.9587
1711  1.7110  -0.9587
1712  1.7120  -0.9587
1713  1.7130  -0.9587
1714  1.7140  -0.9587
1715  1.7150  -0.9587
1716  1.7160  -0.9587
1717  1.7170  -0.9586
1718  1.7180  -0.9586
1719  1.7190  -0.9586
1720  1.7200  -0.9586
1721  1.7210  -0.9586
1722  1.7220  -0.9586
1723  1.7230  -0.9586
1724  1.7240  -0.9586
1725  1.7250  -0.9586
1726  1.7260  -0.9586
1727  1.7270  -0.9586
1728  1.7280  -0.9586
1729  1.7290  -0.9586
1730  1.7300  -0.9586
1731  1.7310  -0.9586
1732  1.7320  -0.9586
1733  1.7330  -0.9586
1734  1.7340  -0.9586
1735  1.7350  -0.9586
1736  1.7360  -0.9586
1737  1.7370  -0.9586
1738  1.7380  -0.9586
1739  1.7390  -0.9586
1740  1.7400  -0.9586
1741  1.7410  -0.9586
1742  1.7420  -0.9586
1743  1.7430  -0.9586
1744  1.7440  -0.9586
1745  1.7450  -0.9586
1746  1.7460  -0.9586
1747  1.7470  -0.9586
1748  1.7480  -0.9586
1749  1.7490  -0.9586
1750  1.7500  -0.9586
1751  1.7510  -0.9586
1752  1.7520  -0.9586
1753  1.7530  -0.9585
1754  1.7540  -0.9585
1755  1.7550  -0.9585
1756  1.7560  -0.9585
1757  1.7570  -0.9585
1758  1.7580  -0.9585
1759  1.7590  -0.9585
1760  1.7600  -0.9585
1761  1.7610  -0.9585
1762  1.7620  -0.9585
1763  1.7630  -0.9585
1764  1.7640  -0.9585
1765  1.7650  -0.9585
1766  1.7660  -0.9585
1767  1.7670  -0.9585
1768  1.7680  -0.9585
1769  1.7690  -0.9585
1770  1.7700  -0.9585
1771  1.7710  -0.9585
1772  1.7720  -0.9585
1773  1.7730  -0.9585
1774  1.7740  -0.9585
1775  1.7750  -0.9585
1776  1.7760  -0.9584
1777  1.7770  -0.9584
1778  1.7780  -0.9584
1779  1.7790  -0.9584
1780  1.7800  -0.9584
1781  1.7810  -0.9584
1782  1.7820  -0.9584
1783  1.7830  -0.9584
1784  1.7840  -0.9584
1785  1.7850  -0.9584
1786  1.7860  -0.9584
1787  1.7870  -0.9584
1788  1.7880  -0.9584
1789  1.7890  -0.9584
1790  1.7900  -0.9584
1791  1.7910  -0.9584
1792  1.7920  -0.9584
1793  1.7930  -0.9584
1794  1.7940  -0.9583
1795  1.7950  -0.9583
1796  1.7960  -0.9583
1797  1.7970  -0.9583
1798  1.7980  -0.9583
1799  1.7990  -0.9583
1800  1.8000  -0.9583
1801  1.8010  -0.9583
1802  1.8020  -0.9583
1803  1.8030  -0.9583
1804  1.8040  -0.9583
1805  1.8050  -0.9583
1806  1.8060  -0.9583
1807  1.8070  -0.9583
1808  1.8080  -0.9583
1809  1.8090  -0.9583
1810  1.8100  -0.9582
1811  1.8110  -0.9582
1812  1.8120  -0.9582
1813  1.8130  -0.9582
1814  1.8140  -0.9582
1815  1.8150  -0.9582
1816  1.8160  -0.9582
1817  1.8170  -0.9582
1818  1.8180  -0.9582
1819  1.8190  -0.9582
1820  1.8200  -0.9582
1821  1.8210  -0.9582
1822  1.8220  -0.9582
1823  1.8230  -0.9581
1824  1.8240  -0.9581
1825  1.8250  -0.9581
1826  1.8260  -0.9581
1827  1.8270  -0.9581
1828  1.8280  -0.9581
1829  1.8290  -0.9581
1830  1.8300  -0.9581
1831  1.8310  -0.9581
1832  1.8320  -0.9581
1833  1.8330  -0.9581
1834  1.8340  -0.9581
1835  1.8350  -0.9581
1836  1.8360  -0.9580
1837  1.8370  -0.9580
1838  1.8380  -0.9580
1839  1.8390  -0.9580
1840  1.8400  -0.9580
1841  1.8410  -0.9580
1842  1.8420  -0.9580
1843  1.8430  -0.9580
1844  1.8440  -0.9580
1845  1.8450  -0.9580
1846  1.8460  -0.9580
1847  1.8470  -0.9579
1848  1.8480  -0.9579
1849  1.8490  -0.9579
1850  1.8500  -0.9579
1851  1.8510  -0.9579
1852  1.8520  -0.9579
1853  1.8530  -0.9579
1854  1.8540  -0.9579
1855  1.8550  -0.9579
1856  1.8560  -0.9579
1857  1.8570  -0.9579
1858  1.8580  -0.9578
1859  1.8590  -0.9578
1860  1.8600  -0.9578
1861  1.8610  -0.9578
1862  1.8620  -0.9578
1863  1.8630  -0.9578
1864  1.8640  -0.9578
1865  1.8650  -0.9578
1866  1.8660  -0.9578
1867  1.8670  -0.9578
1868  1.8680  -0.9577
1869  1.8690  -0.9577
1870  1.8700  -0.9577
1871  1.8710  -0.9577
1872  1.8720  -0.9577
1873  1.8730  -0.9577
1874  1.8740  -0.9577
1875  1.8750  -0.9577
1876  1.8760  -0.9577
1877  1.8770  -0.9576
1878  1.8780  -0.9576
1879  1.8790  -0.9576
1880  1.8800  -0.9576
1881  1.8810  -0.9576
1882  1.8820  -0.9576
1883  1.8830  -0.9576
1884  1.8840  -0.9576
1885  1.8850  -0.9576
1886  1.8860  -0.9575
1887  1.8870  -0.9575
1888  1.8880  -0.9575
1889  1.8890  -0.9575
1890  1.8900  -0.9575
1891  1.8910  -0.9575
1892  1.8920  -0.9575
1893  1.8930  -0.9575
1894  1.8940  -0.9575
1895  1.8950  -0.9574
1896  1.8960  -0.9574
1897  1.8970  -0.9574
1898  1.8980  -0.9574
1899  1.8990  -0.9574
1900  1.9000  -0.9574
1901  1.9010  -0.9574
1902  1.9020  -0.9574
1903  1.9030  -0.9573
1904  1.9040  -0.9573
1905  1.9050  -0.9573
1906  1.9060  -0.9573
1907  1.9070  -0.9573
1908  1.9080  -0.9573
1909  1.9090  -0.9573
1910  1.9100  -0.9573
1911  1.9110  -0.9572
1912  1.9120  -0.9572
1913  1.9130  -0.9572
1914  1.9140  -0.9572
1915  1.9150  -0.9572
1916  1.9160  -0.9572
1917  1.9170  -0.9572
1918  1.9180  -0.9571
1919  1.9190  -0.9571
1920  1.9200  -0.9571
1921  1.9210  -0.9571
1922  1.9220  -0.9571
1923  1.9230  -0.9571
1924  1.9240  -0.9571
1925  1.9250  -0.9571
1926  1.9260  -0.9570
1927  1.9270  -0.9570
1928  1.9280  -0.9570
1929  1.9290  -0.9570
1930  1.9300  -0.9570
1931  1.9310  -0.9570
1932  1.9320  -0.9570
1933  1.9330  -0.9569
1934  1.9340  -0.9569
1935  1.9350  -0.9569
1936  1.9360  -0.9569
1937  1.9370  -0.9569
1938  1.9380  -0.9569
1939  1.9390  -0.9569
1940  1.9400  -0.9568
1941  1.9410  -0.9568
1942  1.9420  -0.9568
1943  1.9430  -0.9568
1944  1.9440  -0.9568
1945  1.9450  -0.9568
1946  1.9460  -0.9567
1947  1.9470  -0.9567
1948  1.9480  -0.9567
1949  1.9490  -0.9567
1950  1.9500  -0.9567
1951  1.9510  -0.9567
1952  1.9520  -0.9567
1953  1.9530  -0.9566
1954  1.9540  -0.9566
1955  1.9550  -0.9566
1956  1.9560  -0.9566
1957  1.9570  -0.9566
1958  1.9580  -0.9566
1959  1.9590  -0.9565
1960  1.9600  -0.9565
1961  1.9610  -0.9565
1962  1.9620  -0.9565
1963  1.9630  -0.9565
1964  1.9640  -0.9565
1965  1.9650  -0.9564
1966  1.9660  -0.9564
1967  1.9670  -0.9564
1968  1.9680  -0.9564
1969  1.9690  -0.9564
1970  1.9700  -0.9564
1971  1.9710  -0.9563
1972  1.9720  -0.9563
1973  1.9730  -0.9563
1974  1.9740  -0.9563
1975  1.9750  -0.9563
1976  1.9760  -0.9563
1977  1.9770  -0.9562
1978  1.9780  -0.9562
1979  1.9790  -0.9562
1980  1.9800  -0.9562
1981  1.9810  -0.9562
1982  1.9820  -0.9562
1983  1.9830  -0.9561
1984  1.9840  -0.9561
1985  1.9850  -0.9561
1986  1.9860  -0.9561
1987  1.9870  -0.9561
1988  1.9880  -0.9561
1989  1.9890  -0.9560
1990  1.9900  -0.9560
1991  1.9910  -0.9560
1992  1.9920  -0.9560
1993  1.9930  -0.9560
1994  1.9940  -0.9559
1995  1.9950  -0.9559
1996  1.9960  -0.9559
1997  1.9970  -0.9559
1998  1.9980  -0.9559
1999  1.9990  -0.9559
2000  2.0000  -0.9558
2001  2.0010  -0.9558
2002  2.0020  -0.9558
2003  2.0030  -0.9558
2004  2.0040  -0.9558
2005  2.0050  -0.9557
2006  2.0060  -0.9557
2007  2.0070  -0.9557
2008  2.0080  -0.9557
2009  2.0090  -0.9557
2010  2.0100  -0.9556
2011  2.0110  -0.9556
2012  2.0120  -0.9556
2013  2.0130  -0.9556
2014  2.0140  -0.9556
2015  2.0150  -0.9555
2016  2.0160  -0.9555
2017  2.0170  -0.9555
2018  2.0180  -0.9555
2019  2.0190  -0.9555
2020  2.0200  -0.9554
2021  2.0210  -0.9554
2022  2.0220  -0.9554
2023  2.0230  -0.9554
2024  2.0240  -0.9554
2025  2.0250  -0.9553
2026  2.0260  -0.9553
2027  2.0270  -0.9553
2028  2.0280  -0.9553
2029  2.0290  -0.9553
2030  2.0300  -0.9552
2031  2.0310  -0.9552
2032  2.0320  -0.9552
2033  2.0330  -0.9552
2034  2.0340  -0.9552
2035  2.0350  -0.9551
2036  2.0360  -0.9551
2037  2.0370  -0.9551
2038  2.0380  -0.9551
2039  2.0390  -0.9550
2040  2.0400  -0.9550
2041  2.0410  -0.9550
2042  2.0420  -0.9550
2043  2.0430  -0.9550
2044  2.0440  -0.9549
2045  2.0450  -0.9549
2046  2.0460  -0.9549
2047  2.0470  -0.9549
2048  2.0480  -0.9549
2049  2.0490  -0.9548
2050  2.0500  -0.9548
2051  2.0510  -0.9548
2052  2.0520  -0.9548
2053  2.0530  -0.9547
2054  2.0540  -0.9547
2055  2.0550  -0.9547
2056  2.0560  -0.9547
2057  2.0570  -0.9546
2058  2.0580  -0.9546
2059  2.0590  -0.9546
2060  2.0600  -0.9546
2061  2.0610  -0.9546
2062  2.0620  -0.9545
2063  2.0630  -0.9545
2064  2.0640  -0.9545
2065  2.0650  -0.9545
2066  2.0660  -0.9544
2067  2.0670  -0.9544
2068  2.0680  -0.9544
2069  2.0690  -0.9544
2070  2.0700  -0.9543
2071  2.0710  -0.9543
2072  2.0720  -0.9543
2073  2.0730  -0.9543
2074  2.0740  -0.9542
2075  2.0750  -0.9542
2076  2.0760  -0.9542
2077  2.0770  -0.9542
2078  2.0780  -0.9542
2079  2.0790  -0.9541
2080  2.0800  -0.9541
2081  2.0810  -0.9541
2082  2.0820  -0.9541
2083  2.0830  -0.9540
2084  2.0840  -0.9540
2085  2.0850  -0.9540
2086  2.0860  -0.9540
2087  2.0870  -0.9539
2088  2.0880  -0.9539
2089  2.0890  -0.9539
2090  2.0900  -0.9539
2091  2.0910  -0.9538
2092  2.0920  -0.9538
2093  2.0930  -0.9538
2094  2.0940  -0.9538
2095  2.0950  -0.9537
2096  2.0960  -0.9537
2097  2.0970  -0.9537
2098  2.0980  -0.9536
2099  2.0990  -0.9536
2100  2.1000  -0.9536
2101  2.1010  -0.9536
2102  2.1020  -0.9535
2103  2.1030  -0.9535
2104  2.1040  -0.9535
2105  2.1050  -0.9535
2106  2.1060  -0.9534
2107  2.1070  -0.9534
2108  2.1080  -0.9534
2109  2.1090  -0.9534
2110  2.1100  -0.9533
2111  2.1110  -0.9533
2112  2.1120  -0.9533
2113  2.1130  -0.9533
2114  2.1140  -0.9532
2115  2.1150  -0.9532
2116  2.1160  -0.9532
2117  2.1170  -0.9531
2118  2.1180  -0.9531
2119  2.1190  -0.9531
2120  2.1200  -0.9531
2121  2.1210  -0.9530
2122  2.1220  -0.9530
2123  2.1230  -0.9530
2124  2.1240  -0.9529
2125  2.1250  -0.9529
2126  2.1260  -0.9529
2127  2.1270  -0.9529
2128  2.1280  -0.9528
2129  2.1290  -0.9528
2130  2.1300  -0.9528
2131  2.1310  -0.9527
2132  2.1320  -0.9527
2133  2.1330  -0.9527
2134  2.1340  -0.9527
2135  2.1350  -0.9526
2136  2.1360  -0.9526
2137  2.1370  -0.9526
2138  2.1380  -0.9525
2139  2.1390  -0.9525
2140  2.1400  -0.9525
2141  2.1410  -0.9525
2142  2.1420  -0.9524
2143  2.1430  -0.9524
2144  2.1440  -0.9524
2145  2.1450  -0.9523
2146  2.1460  -0.9523
2147  2.1470  -0.9523
2148  2.1480  -0.9522
2149  2.1490  -0.9522
2150  2.1500  -0.9522
2151  2.1510  -0.9522
2152  2.1520  -0.9521
2153  2.1530  -0.9521
2154  2.1540  -0.9521
2155  2.1550  -0.9520
2156  2.1560  -0.9520
2157  2.1570  -0.9520
2158  2.1580  -0.9519
2159  2.1590  -0.9519
2160  2.1600  -0.9519
2161  2.1610  -0.9518
2162  2.1620  -0.9518
2163  2.1630  -0.9518
2164  2.1640  -0.9518
2165  2.1650  -0.9517
2166  2.1660  -0.9517
2167  2.1670  -0.9517
2168  2.1680  -0.9516
2169  2.1690  -0.9516
2170  2.1700  -0.9516
2171  2.1710  -0.9515
2172  2.1720  -0.9515
2173  2.1730  -0.9515
2174  2.1740  -0.9514
2175  2.1750  -0.9514
2176  2.1760  -0.9514
2177  2.1770  -0.9513
2178  2.1780  -0.9513
2179  2.1790  -0.9513
2180  2.1800  -0.9512
2181  2.1810  -0.9512
2182  2.1820  -0.9512
2183  2.1830  -0.9511
2184  2.1840  -0.9511
2185  2.1850  -0.9511
2186  2.1860  -0.9510
2187  2.1870  -0.9510
2188  2.1880  -0.9510
2189  2.1890  -0.9509
2190  2.1900  -0.9509
2191  2.1910  -0.9509
2192  2.1920  -0.9508
2193  2.1930  -0.9508
2194  2.1940  -0.9508
2195  2.1950  -0.9507
2196  2.1960  -0.9507
2197  2.1970  -0.9507
2198  2.1980  -0.9506
2199  2.1990  -0.9506
2200  2.2000  -0.9506
2201  2.2010  -0.9505
2202  2.2020  -0.9505
2203  2.2030  -0.9505
2204  2.2040  -0.9504
2205  2.2050  -0.9504
2206  2.2060  -0.9504
2207  2.2070  -0.9503
2208  2.2080  -0.9503
2209  2.2090  -0.9502
2210  2.2100  -0.9502
2211  2.2110  -0.9502
2212  2.2120  -0.9501
2213  2.2130  -0.9501
2214  2.2140  -0.9501
2215  2.2150  -0.9500
2216  2.2160  -0.9500
2217  2.2170  -0.9500
2218  2.2180  -0.9499
2219  2.2190  -0.9499
2220  2.2200  -0.9498
2221  2.2210  -0.9498
2222  2.2220  -0.9498
2223  2.2230  -0.9497
2224  2.2240  -0.9497
2225  2.2250  -0.9497
2226  2.2260  -0.9496
2227  2.2270  -0.9496
2228  2.2280  -0.9496
2229  2.2290  -0.9495
2230  2.2300  -0.9495
2231  2.2310  -0.9494
2232  2.2320  -0.9494
2233  2.2330  -0.9494
2234  2.2340  -0.9493
2235  2.2350  -0.9493
2236  2.2360  -0.9492
2237  2.2370  -0.9492
2238  2.2380  -0.9492
2239  2.2390  -0.9491
2240  2.2400  -0.9491
2241  2.2410  -0.9491
2242  2.2420  -0.9490
2243  2.2430  -0.9490
2244  2.2440  -0.9489
2245  2.2450  -0.9489
2246  2.2460  -0.9489
2247  2.2470  -0.9488
2248  2.2480  -0.9488
2249  2.2490  -0.9487
2250  2.2500  -0.9487
2251  2.2510  -0.9487
2252  2.2520  -0.9486
2253  2.2530  -0.9486
2254  2.2540  -0.9485
2255  2.2550  -0.9485
2256  2.2560  -0.9485
2257  2.2570  -0.9484
2258  2.2580  -0.9484
2259  2.2590  -0.9483
2260  2.2600  -0.9483
2261  2.2610  -0.9483
2262  2.2620  -0.9482
2263  2.2630  -0.9482
2264  2.2640  -0.9481
2265  2.2650  -0.9481
2266  2.2660  -0.9480
2267  2.2670  -0.9480
2268  2.2680  -0.9480
2269  2.2690  -0.9479
2270  2.2700  -0.9479
2271  2.2710  -0.9478
2272  2.2720  -0.9478
2273  2.2730  -0.9478
2274  2.2740  -0.9477
2275  2.2750  -0.9477
2276  2.2760  -0.9476
2277  2.2770  -0.9476
2278  2.2780  -0.9475
2279  2.2790  -0.9475
2280  2.2800  -0.9475
2281  2.2810  -0.9474
2282  2.2820  -0.9474
2283  2.2830  -0.9473
2284  2.2840  -0.9473
2285  2.2850  -0.9472
2286  2.2860  -0.9472
2287  2.2870  -0.9472
2288  2.2880  -0.9471
2289  2.2890  -0.9471
2290  2.2900  -0.9470
2291  2.2910  -0.9470
2292  2.2920  -0.9469
2293  2.2930  -0.9469
2294  2.2940  -0.9468
2295  2.2950  -0.9468
2296  2.2960  -0.9468
2297  2.2970  -0.9467
2298  2.2980  -0.9467
2299  2.2990  -0.9466
2300  2.3000  -0.9466
2301  2.3010  -0.9465
2302  2.3020  -0.9465
2303  2.3030  -0.9464
2304  2.3040  -0.9464
2305  2.3050  -0.9463
2306  2.3060  -0.9463
2307  2.3070  -0.9462
2308  2.3080  -0.9462
2309  2.3090  -0.9462
2310  2.3100  -0.9461
2311  2.3110  -0.9461
2312  2.3120  -0.9460
2313  2.3130  -0.9460
2314  2.3140  -0.9459
2315  2.3150  -0.9459
2316  2.3160  -0.9458
2317  2.3170  -0.9458
2318  2.3180  -0.9457
2319  2.3190  -0.9457
2320  2.3200  -0.9456
2321  2.3210  -0.9456
2322  2.3220  -0.9455
2323  2.3230  -0.9455
2324  2.3240  -0.9454
2325  2.3250  -0.9454
2326  2.3260  -0.9453
2327  2.3270  -0.9453
2328  2.3280  -0.9453
2329  2.3290  -0.9452
2330  2.3300  -0.9452
2331  2.3310  -0.9451
2332  2.3320  -0.9451
2333  2.3330  -0.9450
2334  2.3340  -0.9450
2335  2.3350  -0.9449
2336  2.3360  -0.9449
2337  2.3370  -0.9448
2338  2.3380  -0.9448
2339  2.3390  -0.9447
2340  2.3400  -0.9447
2341  2.3410  -0.9446
2342  2.3420  -0.9446
2343  2.3430  -0.9445
2344  2.3440  -0.9445
2345  2.3450  -0.9444
2346  2.3460  -0.9444
2347  2.3470  -0.9443
2348  2.3480  -0.9442
2349  2.3490  -0.9442
2350  2.3500  -0.9441
2351  2.3510  -0.9441
2352  2.3520  -0.9440
2353  2.3530  -0.9440
2354  2.3540  -0.9439
2355  2.3550  -0.9439
2356  2.3560  -0.9438
2357  2.3570  -0.9438
2358  2.3580  -0.9437
2359  2.3590  -0.9437
2360  2.3600  -0.9436
2361  2.3610  -0.9436
2362  2.3620  -0.9435
2363  2.3630  -0.9435
2364  2.3640  -0.9434
2365  2.3650  -0.9434
2366  2.3660  -0.9433
2367  2.3670  -0.9432
2368  2.3680  -0.9432
2369  2.3690  -0.9431
2370  2.3700  -0.9431
2371  2.3710  -0.9430
2372  2.3720  -0.9430
2373  2.3730  -0.9429
2374  2.3740  -0.9429
2375  2.3750  -0.9428
2376  2.3760  -0.9428
2377  2.3770  -0.9427
2378  2.3780  -0.9426
2379  2.3790  -0.9426
2380  2.3800  -0.9425
2381  2.3810  -0.9425
2382  2.3820  -0.9424
2383  2.3830  -0.9424
2384  2.3840  -0.9423
2385  2.3850  -0.9423
2386  2.3860  -0.9422
2387  2.3870  -0.9421
2388  2.3880  -0.9421
2389  2.3890  -0.9420
2390  2.3900  -0.9420
2391  2.3910  -0.9419
2392  2.3920  -0.9419
2393  2.3930  -0.9418
2394  2.3940  -0.9417
2395  2.3950  -0.9417
2396  2.3960  -0.9416
2397  2.3970  -0.9416
2398  2.3980  -0.9415
2399  2.3990  -0.9414
2400  2.4000  -0.9414
2401  2.4010  -0.9413
2402  2.4020  -0.9413
2403  2.4030  -0.9412
2404  2.4040  -0.9411
2405  2.4050  -0.9411
2406  2.4060  -0.9410
2407  2.4070  -0.9410
2408  2.4080  -0.9409
2409  2.4090  -0.9408
2410  2.4100  -0.9408
2411  2.4110  -0.9407
2412  2.4120  -0.9407
2413  2.4130  -0.9406
2414  2.4140  -0.9405
2415  2.4150  -0.9405
2416  2.4160  -0.9404
2417  2.4170  -0.9404
2418  2.4180  -0.9403
2419  2.4190  -0.9402
2420  2.4200  -0.9402
2421  2.4210  -0.9401
2422  2.4220  -0.9401
2423  2.4230  -0.9400
2424  2.4240  -0.9399
2425  2.4250  -0.9399
2426  2.4260  -0.9398
2427  2.4270  -0.9397
2428  2.4280  -0.9397
2429  2.4290  -0.9396
2430  2.4300  -0.9395
2431  2.4310  -0.9395
2432  2.4320  -0.9394
2433  2.4330  -0.9394
2434  2.4340  -0.9393
2435  2.4350  -0.9392
2436  2.4360  -0.9392
2437  2.4370  -0.9391
2438  2.4380  -0.9390
2439  2.4390  -0.9390
2440  2.4400  -0.9389
2441  2.4410  -0.9388
2442  2.4420  -0.9388
2443  2.4430  -0.9387
2444  2.4440  -0.9386
2445  2.4450  -0.9386
2446  2.4460  -0.9385
2447  2.4470  -0.9384
2448  2.4480  -0.9384
2449  2.4490  -0.9383
2450  2.4500  -0.9382
2451  2.4510  -0.9382
2452  2.4520  -0.9381
2453  2.4530  -0.9380
2454  2.4540  -0.9380
2455  2.4550  -0.9379
2456  2.4560  -0.9378
2457  2.4570  -0.9378
2458  2.4580  -0.9377
2459  2.4590  -0.9376
2460  2.4600  -0.9376
2461  2.4610  -0.9375
2462  2.4620  -0.9374
2463  2.4630  -0.9374
2464  2.4640  -0.9373
2465  2.4650  -0.9372
2466  2.4660  -0.9372
2467  2.4670  -0.9371
2468  2.4680  -0.9370
2469  2.4690  -0.9369
2470  2.4700  -0.9369
2471  2.4710  -0.9368
2472  2.4720  -0.9367
2473  2.4730  -0.9367
2474  2.4740  -0.9366
2475  2.4750  -0.9365
2476  2.4760  -0.9364
2477  2.4770  -0.9364
2478  2.4780  -0.9363
2479  2.4790  -0.9362
2480  2.4800  -0.9362
2481  2.4810  -0.9361
2482  2.4820  -0.9360
2483  2.4830  -0.9359
2484  2.4840  -0.9359
2485  2.4850  -0.9358
2486  2.4860  -0.9357
2487  2.4870  -0.9356
2488  2.4880  -0.9356
2489  2.4890  -0.9355
2490  2.4900  -0.9354
2491  2.4910  -0.9353
2492  2.4920  -0.9353
2493  2.4930  -0.9352
2494  2.4940  -0.9351
2495  2.4950  -0.9350
2496  2.4960  -0.9350
2497  2.4970  -0.9349
2498  2.4980  -0.9348
2499  2.4990  -0.9347
2500  2.5000  -0.9347
2501  2.5010  -0.9346
2502  2.5020  -0.9345
2503  2.5030  -0.9344
2504  2.5040  -0.9344
2505  2.5050  -0.9343
2506  2.5060  -0.9342
2507  2.5070  -0.9341
2508  2.5080  -0.9341
2509  2.5090  -0.9340
2510  2.5100  -0.9339
2511  2.5110  -0.9338
2512  2.5120  -0.9337
2513  2.5130  -0.9337
2514  2.5140  -0.9336
2515  2.5150  -0.9335
2516  2.5160  -0.9334
2517  2.5170  -0.9333
2518  2.5180  -0.9333
2519  2.5190  -0.9332
2520  2.5200  -0.9331
2521  2.5210  -0.9330
2522  2.5220  -0.9329
2523  2.5230  -0.9329
2524  2.5240  -0.9328
2525  2.5250  -0.9327
2526  2.5260  -0.9326
2527  2.5270  -0.9325
2528  2.5280  -0.9325
2529  2.5290  -0.9324
2530  2.5300  -0.9323
2531  2.5310  -0.9322
2532  2.5320  -0.9321
2533  2.5330  -0.9320
2534  2.5340  -0.9320
2535  2.5350  -0.9319
2536  2.5360  -0.9318
2537  2.5370  -0.9317
2538  2.5380  -0.9316
2539  2.5390  -0.9315
2540  2.5400  -0.9315
2541  2.5410  -0.9314
2542  2.5420  -0.9313
2543  2.5430  -0.9312
2544  2.5440  -0.9311
2545  2.5450  -0.9310
2546  2.5460  -0.9309
2547  2.5470  -0.9309
2548  2.5480  -0.9308
2549  2.5490  -0.9307
2550  2.5500  -0.9306
2551  2.5510  -0.9305
2552  2.5520  -0.9304
2553  2.5530  -0.9303
2554  2.5540  -0.9302
2555  2.5550  -0.9302
2556  2.5560  -0.9301
2557  2.5570  -0.9300
2558  2.5580  -0.9299
2559  2.5590  -0.9298
2560  2.5600  -0.9297
2561  2.5610  -0.9296
2562  2.5620  -0.9295
2563  2.5630  -0.9294
2564  2.5640  -0.9294
2565  2.5650  -0.9293
2566  2.5660  -0.9292
2567  2.5670  -0.9291
2568  2.5680  -0.9290
2569  2.5690  -0.9289
2570  2.5700  -0.9288
2571  2.5710  -0.9287
2572  2.5720  -0.9286
2573  2.5730  -0.9285
2574  2.5740  -0.9284
2575  2.5750  -0.9283
2576  2.5760  -0.9283
2577  2.5770  -0.9282
2578  2.5780  -0.9281
2579  2.5790  -0.9280
2580  2.5800  -0.9279
2581  2.5810  -0.9278
2582  2.5820  -0.9277
2583  2.5830  -0.9276
2584  2.5840  -0.9275
2585  2.5850  -0.9274
2586  2.5860  -0.9273
2587  2.5870  -0.9272
2588  2.5880  -0.9271
2589  2.5890  -0.9270
2590  2.5900  -0.9269
2591  2.5910  -0.9268
2592  2.5920  -0.9267
2593  2.5930  -0.9266
2594  2.5940  -0.9265
2595  2.5950  -0.9264
2596  2.5960  -0.9263
2597  2.5970  -0.9262
2598  2.5980  -0.9261
2599  2.5990  -0.9260
2600  2.6000  -0.9259
2601  2.6010  -0.9258
2602  2.6020  -0.9257
2603  2.6030  -0.9256
2604  2.6040  -0.9255
2605  2.6050  -0.9254
2606  2.6060  -0.9253
2607  2.6070  -0.9252
2608  2.6080  -0.9251
2609  2.6090  -0.9250
2610  2.6100  -0.9249
2611  2.6110  -0.9248
2612  2.6120  -0.9247
2613  2.6130  -0.9246
2614  2.6140  -0.9245
2615  2.6150  -0.9244
2616  2.6160  -0.9243
2617  2.6170  -0.9242
2618  2.6180  -0.9241
2619  2.6190  -0.9240
2620  2.6200  -0.9239
2621  2.6210  -0.9238
2622  2.6220  -0.9237
2623  2.6230  -0.9236
2624  2.6240  -0.9235
2625  2.6250  -0.9234
2626  2.6260  -0.9233
2627  2.6270  -0.9232
2628  2.6280  -0.9230
2629  2.6290  -0.9229
2630  2.6300  -0.9228
2631  2.6310  -0.9227
2632  2.6320  -0.9226
2633  2.6330  -0.9225
2634  2.6340  -0.9224
2635  2.6350  -0.9223
2636  2.6360  -0.9222
2637  2.6370  -0.9221
2638  2.6380  -0.9220
2639  2.6390  -0.9218
2640  2.6400  -0.9217
2641  2.6410  -0.9216
2642  2.6420  -0.9215
2643  2.6430  -0.9214
2644  2.6440  -0.9213
2645  2.6450  -0.9212
2646  2.6460  -0.9211
2647  2.6470  -0.9209
2648  2.6480  -0.9208
2649  2.6490  -0.9207
2650  2.6500  -0.9206
2651  2.6510  -0.9205
2652  2.6520  -0.9204
2653  2.6530  -0.9203
2654  2.6540  -0.9201
2655  2.6550  -0.9200
2656  2.6560  -0.9199
2657  2.6570  -0.9198
2658  2.6580  -0.9197
2659  2.6590  -0.9196
2660  2.6600  -0.9194
2661  2.6610  -0.9193
2662  2.6620  -0.9192
2663  2.6630  -0.9191
2664  2.6640  -0.9190
2665  2.6650  -0.9189
2666  2.6660  -0.9187
2667  2.6670  -0.9186
2668  2.6680  -0.9185
2669  2.6690  -0.9184
2670  2.6700  -0.9183
2671  2.6710  -0.9181
2672  2.6720  -0.9180
2673  2.6730  -0.9179
2674  2.6740  -0.9178
2675  2.6750  -0.9176
2676  2.6760  -0.9175
2677  2.6770  -0.9174
2678  2.6780  -0.9173
2679  2.6790  -0.9172
2680  2.6800  -0.9170
2681  2.6810  -0.9169
2682  2.6820  -0.9168
2683  2.6830  -0.9167
2684  2.6840  -0.9165
2685  2.6850  -0.9164
2686  2.6860  -0.9163
2687  2.6870  -0.9162
2688  2.6880  -0.9160
2689  2.6890  -0.9159
2690  2.6900  -0.9158
2691  2.6910  -0.9156
2692  2.6920  -0.9155
2693  2.6930  -0.9154
2694  2.6940  -0.9153
2695  2.6950  -0.9151
2696  2.6960  -0.9150
2697  2.6970  -0.9149
2698  2.6980  -0.9147
2699  2.6990  -0.9146
2700  2.7000  -0.9145
2701  2.7010  -0.9143
2702  2.7020  -0.9142
2703  2.7030  -0.9141
2704  2.7040  -0.9139
2705  2.7050  -0.9138
2706  2.7060  -0.9137
2707  2.7070  -0.9135
2708  2.7080  -0.9134
2709  2.7090  -0.9133
2710  2.7100  -0.9131
2711  2.7110  -0.9130
2712  2.7120  -0.9129
2713  2.7130  -0.9127
2714  2.7140  -0.9126
2715  2.7150  -0.9125
2716  2.7160  -0.9123
2717  2.7170  -0.9122
2718  2.7180  -0.9120
2719  2.7190  -0.9119
2720  2.7200  -0.9118
2721  2.7210  -0.9116
2722  2.7220  -0.9115
2723  2.7230  -0.9113
2724  2.7240  -0.9112
2725  2.7250  -0.9111
2726  2.7260  -0.9109
2727  2.7270  -0.9108
2728  2.7280  -0.9106
2729  2.7290  -0.9105
2730  2.7300  -0.9103
2731  2.7310  -0.9102
2732  2.7320  -0.9101
2733  2.7330  -0.9099
2734  2.7340  -0.9098
2735  2.7350  -0.9096
2736  2.7360  -0.9095
2737  2.7370  -0.9093
2738  2.7380  -0.9092
2739  2.7390  -0.9090
2740  2.7400  -0.9089
2741  2.7410  -0.9087
2742  2.7420  -0.9086
2743  2.7430  -0.9084
2744  2.7440  -0.9083
2745  2.7450  -0.9081
2746  2.7460  -0.9080
2747  2.7470  -0.9078
2748  2.7480  -0.9077
2749  2.7490  -0.9075
2750  2.7500  -0.9074
2751  2.7510  -0.9072
2752  2.7520  -0.9071
2753  2.7530  -0.9069
2754  2.7540  -0.9068
2755  2.7550  -0.9066
2756  2.7560  -0.9065
2757  2.7570  -0.9063
2758  2.7580  -0.9061
2759  2.7590  -0.9060
2760  2.7600  -0.9058
2761  2.7610  -0.9057
2762  2.7620  -0.9055
2763  2.7630  -0.9054
2764  2.7640  -0.9052
2765  2.7650  -0.9050
2766  2.7660  -0.9049
2767  2.7670  -0.9047
2768  2.7680  -0.9046
2769  2.7690  -0.9044
2770  2.7700  -0.9042
2771  2.7710  -0.9041
2772  2.7720  -0.9039
2773  2.7730  -0.9037
2774  2.7740  -0.9036
2775  2.7750  -0.9034
2776  2.7760  -0.9032
2777  2.7770  -0.9031
2778  2.7780  -0.9029
2779  2.7790  -0.9027
2780  2.7800  -0.9026
2781  2.7810  -0.9024
2782  2.7820  -0.9022
2783  2.7830  -0.9021
2784  2.7840  -0.9019
2785  2.7850  -0.9017
2786  2.7860  -0.9016
2787  2.7870  -0.9014
2788  2.7880  -0.9012
2789  2.7890  -0.9011
2790  2.7900  -0.9009
2791  2.7910  -0.9007
2792  2.7920  -0.9005
2793  2.7930  -0.9004
2794  2.7940  -0.9002
2795  2.7950  -0.9000
2796  2.7960  -0.8998
2797  2.7970  -0.8997
2798  2.7980  -0.8995
2799  2.7990  -0.8993
2800  2.8000  -0.8991
2801  2.8010  -0.8989
2802  2.8020  -0.8988
2803  2.8030  -0.8986
2804  2.8040  -0.8984
2805  2.8050  -0.8982
2806  2.8060  -0.8980
2807  2.8070  -0.8979
2808  2.8080  -0.8977
2809  2.8090  -0.8975
2810  2.8100  -0.8973
2811  2.8110  -0.8971
2812  2.8120  -0.8969
2813  2.8130  -0.8968
2814  2.8140  -0.8966
2815  2.8150  -0.8964
2816  2.8160  -0.8962
2817  2.8170  -0.8960
2818  2.8180  -0.8958
2819  2.8190  -0.8956
2820  2.8200  -0.8954
2821  2.8210  -0.8953
2822  2.8220  -0.8951
2823  2.8230  -0.8949
2824  2.8240  -0.8947
2825  2.8250  -0.8945
2826  2.8260  -0.8943
2827  2.8270  -0.8941
2828  2.8280  -0.8939
2829  2.8290  -0.8937
2830  2.8300  -0.8935
2831  2.8310  -0.8933
2832  2.8320  -0.8931
2833  2.8330  -0.8929
2834  2.8340  -0.8927
2835  2.8350  -0.8925
2836  2.8360  -0.8923
2837  2.8370  -0.8921
2838  2.8380  -0.8919
2839  2.8390  -0.8917
2840  2.8400  -0.8915
2841  2.8410  -0.8913
2842  2.8420  -0.8911
2843  2.8430  -0.8909
2844  2.8440  -0.8907
2845  2.8450  -0.8905
2846  2.8460  -0.8903
2847  2.8470  -0.8901
2848  2.8480  -0.8899
2849  2.8490  -0.8897
2850  2.8500  -0.8895
2851  2.8510  -0.8893
2852  2.8520  -0.8890
2853  2.8530  -0.8888
2854  2.8540  -0.8886
2855  2.8550  -0.8884
2856  2.8560  -0.8882
2857  2.8570  -0.8880
2858  2.8580  -0.8878
2859  2.8590  -0.8876
2860  2.8600  -0.8873
2861  2.8610  -0.8871
2862  2.8620  -0.8869
2863  2.8630  -0.8867
2864  2.8640  -0.8865
2865  2.8650  -0.8862
2866  2.8660  -0.8860
2867  2.8670  -0.8858
2868  2.8680  -0.8856
2869  2.8690  -0.8854
2870  2.8700  -0.8851
2871  2.8710  -0.8849
2872  2.8720  -0.8847
2873  2.8730  -0.8845
2874  2.8740  -0.8842
2875  2.8750  -0.8840
2876  2.8760  -0.8838
2877  2.8770  -0.8836
2878  2.8780  -0.8833
2879  2.8790  -0.8831
2880  2.8800  -0.8829
2881  2.8810  -0.8826
2882  2.8820  -0.8824
2883  2.8830  -0.8822
2884  2.8840  -0.8819
2885  2.8850  -0.8817
2886  2.8860  -0.8815
2887  2.8870  -0.8812
2888  2.8880  -0.8810
2889  2.8890  -0.8807
2890  2.8900  -0.8805
2891  2.8910  -0.8803
2892  2.8920  -0.8800
2893  2.8930  -0.8798
2894  2.8940  -0.8795
2895  2.8950  -0.8793
2896  2.8960  -0.8791
2897  2.8970  -0.8788
2898  2.8980  -0.8786
2899  2.8990  -0.8783
2900  2.9000  -0.8781
2901  2.9010  -0.8778
2902  2.9020  -0.8776
2903  2.9030  -0.8773
2904  2.9040  -0.8771
2905  2.9050  -0.8768
2906  2.9060  -0.8766
2907  2.9070  -0.8763
2908  2.9080  -0.8761
2909  2.9090  -0.8758
2910  2.9100  -0.8755
2911  2.9110  -0.8753
2912  2.9120  -0.8750
2913  2.9130  -0.8748
2914  2.9140  -0.8745
2915  2.9150  -0.8743
2916  2.9160  -0.8740
2917  2.9170  -0.8737
2918  2.9180  -0.8735
2919  2.9190  -0.8732
2920  2.9200  -0.8729
2921  2.9210  -0.8727
2922  2.9220  -0.8724
2923  2.9230  -0.8721
2924  2.9240  -0.8719
2925  2.9250  -0.8716
2926  2.9260  -0.8713
2927  2.9270  -0.8711
2928  2.9280  -0.8708
2929  2.9290  -0.8705
2930  2.9300  -0.8702
2931  2.9310  -0.8700
2932  2.9320  -0.8697
2933  2.9330  -0.8694
2934  2.9340  -0.8691
2935  2.9350  -0.8688
2936  2.9360  -0.8686
2937  2.9370  -0.8683
2938  2.9380  -0.8680
2939  2.9390  -0.8677
2940  2.9400  -0.8674
2941  2.9410  -0.8671
2942  2.9420  -0.8668
2943  2.9430  -0.8666
2944  2.9440  -0.8663
2945  2.9450  -0.8660
2946  2.9460  -0.8657
2947  2.9470  -0.8654
2948  2.9480  -0.8651
2949  2.9490  -0.8648
2950  2.9500  -0.8645
2951  2.9510  -0.8642
2952  2.9520  -0.8639
2953  2.9530  -0.8636
2954  2.9540  -0.8633
2955  2.9550  -0.8630
2956  2.9560  -0.8627
2957  2.9570  -0.8624
2958  2.9580  -0.8621
2959  2.9590  -0.8618
2960  2.9600  -0.8615
2961  2.9610  -0.8612
2962  2.9620  -0.8609
2963  2.9630  -0.8606
2964  2.9640  -0.8603
2965  2.9650  -0.8599
2966  2.9660  -0.8596
2967  2.9670  -0.8593
2968  2.9680  -0.8590
2969  2.9690  -0.8587
2970  2.9700  -0.8584
2971  2.9710  -0.8580
2972  2.9720  -0.8577
2973  2.9730  -0.8574
2974  2.9740  -0.8571
2975  2.9750  -0.8567
2976  2.9760  -0.8564
2977  2.9770  -0.8561
2978  2.9780  -0.8558
2979  2.9790  -0.8554
2980  2.9800  -0.8551
2981  2.9810  -0.8548
2982  2.9820  -0.8544
2983  2.9830  -0.8541
2984  2.9840  -0.8538
2985  2.9850  -0.8534
2986  2.9860  -0.8531
2987  2.9870  -0.8527
2988  2.9880  -0.8524
2989  2.9890  -0.8521
2990  2.9900  -0.8517
2991  2.9910  -0.8514
2992  2.9920  -0.8510
2993  2.9930  -0.8507
2994  2.9940  -0.8503
2995  2.9950  -0.8500
2996  2.9960  -0.8496
2997  2.9970  -0.8493
2998  2.9980  -0.8489
2999  2.9990  -0.8486
3000  3.0000  -0.8482
3001  3.0010  -0.8478
3002  3.0020  -0.8475
3003  3.0030  -0.8471
3004  3.0040  -0.8467
3005  3.0050  -0.8464
3006  3.0060  -0.8460
3007  3.0070  -0.8456
3008  3.0080  -0.8453
3009  3.0090  -0.8449
3010  3.0100  -0.8445
3011  3.0110  -0.8442
3012  3.0120  -0.8438
3013  3.0130  -0.8434
3014  3.0140  -0.8430
3015  3.0150  -0.8426
3016  3.0160  -0.8423
3017  3.0170  -0.8419
3018  3.0180  -0.8415
3019  3.0190  -0.8411
3020  3.0200  -0.8407
3021  3.0210  -0.8403
3022  3.0220  -0.8399
3023  3.0230  -0.8395
3024  3.0240  -0.8392
3025  3.0250  -0.8388
3026  3.0260  -0.8384
3027  3.0270  -0.8380
3028  3.0280  -0.8376
3029  3.0290  -0.8372
3030  3.0300  -0.8368
3031  3.0310  -0.8363
3032  3.0320  -0.8359
3033  3.0330  -0.8355
3034  3.0340  -0.8351
3035  3.0350  -0.8347
3036  3.0360  -0.8343
3037  3.0370  -0.8339
3038  3.0380  -0.8335
3039  3.0390  -0.8330
3040  3.0400  -0.8326
3041  3.0410  -0.8322
3042  3.0420  -0.8318
3043  3.0430  -0.8313
3044  3.0440  -0.8309
3045  3.0450  -0.8305
3046  3.0460  -0.8301
3047  3.0470  -0.8296
3048  3.0480  -0.8292
3049  3.0490  -0.8287
3050  3.0500  -0.8283
3051  3.0510  -0.8279
3052  3.0520  -0.8274
3053  3.0530  -0.8270
3054  3.0540  -0.8265
3055  3.0550  -0.8261
3056  3.0560  -0.8256
3057  3.0570  -0.8252
3058  3.0580  -0.8247
3059  3.0590  -0.8243
3060  3.0600  -0.8238
3061  3.0610  -0.8233
3062  3.0620  -0.8229
3063  3.0630  -0.8224
3064  3.0640  -0.8220
3065  3.0650  -0.8215
3066  3.0660  -0.8210
3067  3.0670  -0.8205
3068  3.0680  -0.8201
3069  3.0690  -0.8196
3070  3.0700  -0.8191
3071  3.0710  -0.8186
3072  3.0720  -0.8181
3073  3.0730  -0.8177
3074  3.0740  -0.8172
3075  3.0750  -0.8167
3076  3.0760  -0.8162
3077  3.0770  -0.8157
3078  3.0780  -0.8152
3079  3.0790  -0.8147
3080  3.0800  -0.8142
3081  3.0810  -0.8137
3082  3.0820  -0.8132
3083  3.0830  -0.8127
3084  3.0840  -0.8122
3085  3.0850  -0.8117
3086  3.0860  -0.8111
3087  3.0870  -0.8106
3088  3.0880  -0.8101
3089  3.0890  -0.8096
3090  3.0900  -0.8091
3091  3.0910  -0.8085
3092  3.0920  -0.8080
3093  3.0930  -0.8075
3094  3.0940  -0.8069
3095  3.0950  -0.8064
3096  3.0960  -0.8059
3097  3.0970  -0.8053
3098  3.0980  -0.8048
3099  3.0990  -0.8042
3100  3.1000  -0.8037
3101  3.1010  -0.8031
3102  3.1020  -0.8026
3103  3.1030  -0.8020
3104  3.1040  -0.8015
3105  3.1050  -0.8009
3106  3.1060  -0.8004
3107  3.1070  -0.7998
3108  3.1080  -0.7992
3109  3.1090  -0.7986
3110  3.1100  -0.7981
3111  3.1110  -0.7975
3112  3.1120  -0.7969
3113  3.1130  -0.7963
3114  3.1140  -0.7957
3115  3.1150  -0.7952
3116  3.1160  -0.7946
3117  3.1170  -0.7940
3118  3.1180  -0.7934
3119  3.1190  -0.7928
3120  3.1200  -0.7922
3121  3.1210  -0.7916
3122  3.1220  -0.7910
3123  3.1230  -0.7903
3124  3.1240  -0.7897
3125  3.1250  -0.7891
3126  3.1260  -0.7885
3127  3.1270  -0.7879
3128  3.1280  -0.7872
3129  3.1290  -0.7866
3130  3.1300  -0.7860
3131  3.1310  -0.7853
3132  3.1320  -0.7847
3133  3.1330  -0.7841
3134  3.1340  -0.7834
3135  3.1350  -0.7828
3136  3.1360  -0.7821
3137  3.1370  -0.7815
3138  3.1380  -0.7808
3139  3.1390  -0.7801
3140  3.1400  -0.7795
3141  3.1410  -0.7788
3142  3.1420  -0.7781
3143  3.1430  -0.7775
3144  3.1440  -0.7768
3145  3.1450  -0.7761
3146  3.1460  -0.7754
3147  3.1470  -0.7747
3148  3.1480  -0.7740
3149  3.1490  -0.7733
3150  3.1500  -0.7726
3151  3.1510  -0.7719
3152  3.1520  -0.7712
3153  3.1530  -0.7705
3154  3.1540  -0.7698
3155  3.1550  -0.7691
3156  3.1560  -0.7684
3157  3.1570  -0.7677
3158  3.1580  -0.7669
3159  3.1590  -0.7662
3160  3.1600  -0.7655
3161  3.1610  -0.7647
3162  3.1620  -0.7640
3163  3.1630  -0.7632
3164  3.1640  -0.7625
3165  3.1650  -0.7617
3166  3.1660  -0.7610
3167  3.1670  -0.7602
3168  3.1680  -0.7594
3169  3.1690  -0.7587
3170  3.1700  -0.7579
3171  3.1710  -0.7571
3172  3.1720  -0.7563
3173  3.1730  -0.7555
3174  3.1740  -0.7547
3175  3.1750  -0.7539
3176  3.1760  -0.7531
3177  3.1770  -0.7523
3178  3.1780  -0.7515
3179  3.1790  -0.7507
3180  3.1800  -0.7499
3181  3.1810  -0.7491
3182  3.1820  -0.7482
3183  3.1830  -0.7474
3184  3.1840  -0.7466
3185  3.1850  -0.7457
3186  3.1860  -0.7449
3187  3.1870  -0.7440
3188  3.1880  -0.7432
3189  3.1890  -0.7423
3190  3.1900  -0.7414
3191  3.1910  -0.7406
3192  3.1920  -0.7397
3193  3.1930  -0.7388
3194  3.1940  -0.7379
3195  3.1950  -0.7370
3196  3.1960  -0.7361
3197  3.1970  -0.7352
3198  3.1980  -0.7343
3199  3.1990  -0.7334
3200  3.2000  -0.7325
3201  3.2010  -0.7316
3202  3.2020  -0.7306
3203  3.2030  -0.7297
3204  3.2040  -0.7288
3205  3.2050  -0.7278
3206  3.2060  -0.7269
3207  3.2070  -0.7259
3208  3.2080  -0.7250
3209  3.2090  -0.7240
3210  3.2100  -0.7230
3211  3.2110  -0.7220
3212  3.2120  -0.7211
3213  3.2130  -0.7201
3214  3.2140  -0.7191
3215  3.2150  -0.7181
3216  3.2160  -0.7171
3217  3.2170  -0.7161
3218  3.2180  -0.7150
3219  3.2190  -0.7140
3220  3.2200  -0.7130
3221  3.2210  -0.7119
3222  3.2220  -0.7109
3223  3.2230  -0.7098
3224  3.2240  -0.7088
3225  3.2250  -0.7077
3226  3.2260  -0.7066
3227  3.2270  -0.7056
3228  3.2280  -0.7045
3229  3.2290  -0.7034
3230  3.2300  -0.7023
3231  3.2310  -0.7012
3232  3.2320  -0.7001
3233  3.2330  -0.6990
3234  3.2340  -0.6978
3235  3.2350  -0.6967
3236  3.2360  -0.6956
3237  3.2370  -0.6944
3238  3.2380  -0.6933
3239  3.2390  -0.6921
3240  3.2400  -0.6909
3241  3.2410  -0.6897
3242  3.2420  -0.6886
3243  3.2430  -0.6874
3244  3.2440  -0.6862
3245  3.2450  -0.6849
3246  3.2460  -0.6837
3247  3.2470  -0.6825
3248  3.2480  -0.6813
3249  3.2490  -0.6800
3250  3.2500  -0.6788
3251  3.2510  -0.6775
3252  3.2520  -0.6763
3253  3.2530  -0.6750
3254  3.2540  -0.6737
3255  3.2550  -0.6724
3256  3.2560  -0.6711
3257  3.2570  -0.6698
3258  3.2580  -0.6685
3259  3.2590  -0.6671
3260  3.2600  -0.6658
3261  3.2610  -0.6645
3262  3.2620  -0.6631
3263  3.2630  -0.6617
3264  3.2640  -0.6604
3265  3.2650  -0.6590
3266  3.2660  -0.6576
3267  3.2670  -0.6562
3268  3.2680  -0.6548
3269  3.2690  -0.6533
3270  3.2700  -0.6519
3271  3.2710  -0.6504
3272  3.2720  -0.6490
3273  3.2730  -0.6475
3274  3.2740  -0.6460
3275  3.2750  -0.6445
3276  3.2760  -0.6430
3277  3.2770  -0.6415
3278  3.2780  -0.6400
3279  3.2790  -0.6385
3280  3.2800  -0.6369
3281  3.2810  -0.6354
3282  3.2820  -0.6338
3283  3.2830  -0.6322
3284  3.2840  -0.6306
3285  3.2850  -0.6290
3286  3.2860  -0.6274
3287  3.2870  -0.6258
3288  3.2880  -0.6242
3289  3.2890  -0.6225
3290  3.2900  -0.6208
3291  3.2910  -0.6191
3292  3.2920  -0.6175
3293  3.2930  -0.6157
3294  3.2940  -0.6140
3295  3.2950  -0.6123
3296  3.2960  -0.6105
3297  3.2970  -0.6088
3298  3.2980  -0.6070
3299  3.2990  -0.6052
3300  3.3000  -0.6034
3301  3.3010  -0.6016
3302  3.3020  -0.5997
3303  3.3030  -0.5979
3304  3.3040  -0.5960
3305  3.3050  -0.5941
3306  3.3060  -0.5922
3307  3.3070  -0.5903
3308  3.3080  -0.5883
3309  3.3090  -0.5864
3310  3.3100  -0.5844
3311  3.3110  -0.5824
3312  3.3120  -0.5804
3313  3.3130  -0.5784
3314  3.3140  -0.5764
3315  3.3150  -0.5743
3316  3.3160  -0.5723
3317  3.3170  -0.5702
3318  3.3180  -0.5680
3319  3.3190  -0.5659
3320  3.3200  -0.5637
3321  3.3210  -0.5615
3322  3.3220  -0.5594
3323  3.3230  -0.5572
3324  3.3240  -0.5549
3325  3.3250  -0.5527
3326  3.3260  -0.5503
3327  3.3270  -0.5480
3328  3.3280  -0.5458
3329  3.3290  -0.5433
3330  3.3300  -0.5410
3331  3.3310  -0.5387
3332  3.3320  -0.5361
3333  3.3330  -0.5338
3334  3.3340  -0.5312
3335  3.3350  -0.5287
3336  3.3360  -0.5263
3337  3.3370  -0.5236
3338  3.3380  -0.5211
3339  3.3390  -0.5185
3340  3.3400  -0.5157
3341  3.3410  -0.5133
3342  3.3420  -0.5103
3343  3.3430  -0.5079
3344  3.3440  -0.5049
3345  3.3450  -0.5023
3346  3.3460  -0.4994
3347  3.3470  -0.4966
3348  3.3480  -0.4937
3349  3.3490  -0.4907
3350  3.3500  -0.4880
3351  3.3510  -0.4846
3352  3.3520  -0.4820
3353  3.3530  -0.4788
3354  3.3540  -0.4756
3355  3.3550  -0.4726
3356  3.3560  -0.4692
3357  3.3570  -0.4666
3358  3.3580  -0.4626
3359  3.3590  -0.4597
3360  3.3600  -0.4563
3361  3.3610  -0.4524
3362  3.3620  -0.4496
3363  3.3630  -0.4463
3364  3.3640  -0.4423
3365  3.3650  -0.4384
3366  3.3660  -0.4350
3367  3.3670  -0.4315
3368  3.3680  -0.4276
3369  3.3690  -0.4241
3370  3.3700  -0.4197
3371  3.3710  -0.4081
