   1  0.0010  -0.1453
   2  0.0020  -0.1569
   3  0.0030  -0.1692
   4  0.0040  -0.1798
   5  0.0050  -0.1895
   6  0.0060  -0.1985
   7  0.0070  -0.2081
   8  0.0080  -0.2174
   9  0.0090  -0.2245
  10  0.0100  -0.2329
  11  0.0110  -0.2407
  12  0.0120  -0.2473
  13  0.0130  -0.2552
  14  0.0140  -0.2613
  15  0.0150  -0.2686
  16  0.0160  -0.2743
  17  0.0170  -0.2812
  18  0.0180  -0.2865
  19  0.0190  -0.2931
  20  0.0200  -0.2983
  21  0.0210  -0.3044
  22  0.0220  -0.3096
  23  0.0230  -0.3150
  24  0.0240  -0.3205
  25  0.0250  -0.3252
  26  0.0260  -0.3307
  27  0.0270  -0.3353
  28  0.0280  -0.3403
  29  0.0290  -0.3452
  30  0.0300  -0.3495
  31  0.0310  -0.3543
  32  0.0320  -0.3587
  33  0.0330  -0.3629
  34  0.0340  -0.3675
  35  0.0350  -0.3716
  36  0.0360  -0.3757
  37  0.0370  -0.3800
  38  0.0380  -0.3839
  39  0.0390  -0.3879
  40  0.0400  -0.3919
  41  0.0410  -0.3957
  42  0.0420  -0.3994
  43  0.0430  -0.4033
  44  0.0440  -0.4069
  45  0.0450  -0.4105
  46  0.0460  -0.4142
  47  0.0470  -0.4177
  48  0.0480  -0.4211
  49  0.0490  -0.4246
  50  0.0500  -0.4280
  51  0.0510  -0.4313
  52  0.0520  -0.4346
  53  0.0530  -0.4379
  54  0.0540  -0.4411
  55  0.0550  -0.4443
  56  0.0560  -0.4474
  57  0.0570  -0.4506
  58  0.0580  -0.4536
  59  0.0590  -0.4566
  60  0.0600  -0.4596
  61  0.0610  -0.4626
  62  0.0620  -0.4655
  63  0.0630  -0.4684
  64  0.0640  -0.4713
  65  0.0650  -0.4741
  66  0.0660  -0.4769
  67  0.0670  -0.4796
  68  0.0680  -0.4824
  69  0.0690  -0.4851
  70  0.0700  -0.4877
  71  0.0710  -0.4904
  72  0.0720  -0.4930
  73  0.0730  -0.4956
  74  0.0740  -0.4982
  75  0.0750  -0.5007
  76  0.0760  -0.5032
  77  0.0770  -0.5057
  78  0.0780  -0.5082
  79  0.0790  -0.5106
  80  0.0800  -0.5130
  81  0.0810  -0.5154
  82  0.0820  -0.5178
  83  0.0830  -0.5201
  84  0.0840  -0.5225
  85  0.0850  -0.5248
  86  0.0860  -0.5270
  87  0.0870  -0.5293
  88  0.0880  -0.5315
  89  0.0890  -0.5338
  90  0.0900  -0.5359
  91  0.0910  -0.5381
  92  0.0920  -0.5403
  93  0.0930  -0.5424
  94  0.0940  -0.5445
  95  0.0950  -0.5466
  96  0.0960  -0.5487
  97  0.0970  -0.5508
  98  0.0980  -0.5528
  99  0.0990  -0.5549
 100  0.1000  -0.5569
 101  0.1010  -0.5589
 102  0.1020  -0.5609
 103  0.1030  -0.5628
 104  0.1040  -0.5648
 105  0.1050  -0.5667
 106  0.1060  -0.5686
 107  0.1070  -0.5705
 108  0.1080  -0.5724
 109  0.1090  -0.5742
 110  0.1100  -0.5761
 111  0.1110  -0.5779
 112  0.1120  -0.5797
 113  0.1130  -0.5816
 114  0.1140  -0.5833
 115  0.1150  -0.5851
 116  0.1160  -0.5869
 117  0.1170  -0.5886
 118  0.1180  -0.5904
 119  0.1190  -0.5921
 120  0.1200  -0.5938
 121  0.1210  -0.5955
 122  0.1220  -0.5972
 123  0.1230  -0.5989
 124  0.1240  -0.6005
 125  0.1250  -0.6022
 126  0.1260  -0.6038
 127  0.1270  -0.6054
 128  0.1280  -0.6070
 129  0.1290  -0.6086
 130  0.1300  -0.6102
 131  0.1310  -0.6118
 132  0.1320  -0.6134
 133  0.1330  -0.6149
 134  0.1340  -0.6165
 135  0.1350  -0.6180
 136  0.1360  -0.6195
 137  0.1370  -0.6210
 138  0.1380  -0.6225
 139  0.1390  -0.6240
 140  0.1400  -0.6255
 141  0.1410  -0.6270
 142  0.1420  -0.6284
 143  0.1430  -0.6299
 144  0.1440  -0.6313
 145  0.1450  -0.6327
 146  0.1460  -0.6341
 147  0.1470  -0.6355
 148  0.1480  -0.6369
 149  0.1490  -0.6383
 150  0.1500  -0.6397
 151  0.1510  -0.6411
 152  0.1520  -0.6424
 153  0.1530  -0.6438
 154  0.1540  -0.6451
 155  0.1550  -0.6465
 156  0.1560  -0.6478
 157  0.1570  -0.6491
 158  0.1580  -0.6504
 159  0.1590  -0.6517
 160  0.1600  -0.6530
 161  0.1610  -0.6543
 162  0.1620  -0.6556
 163  0.1630  -0.6568
 164  0.1640  -0.6581
 165  0.1650  -0.6593
 166  0.1660  -0.6606
 167  0.1670  -0.6618
 168  0.1680  -0.6631
 169  0.1690  -0.6643
 170  0.1700  -0.6655
 171  0.1710  -0.6667
 172  0.1720  -0.6679
 173  0.1730  -0.6691
 174  0.1740  -0.6703
 175  0.1750  -0.6714
 176  0.1760  -0.6726
 177  0.1770  -0.6738
 178  0.1780  -0.6749
 179  0.1790  -0.6761
 180  0.1800  -0.6772
 181  0.1810  -0.6783
 182  0.1820  -0.6795
 183  0.1830  -0.6806
 184  0.1840  -0.6817
 185  0.1850  -0.6828
 186  0.1860  -0.6839
 187  0.1870  -0.6850
 188  0.1880  -0.6861
 189  0.1890  -0.6871
 190  0.1900  -0.6882
 191  0.1910  -0.6893
 192  0.1920  -0.6903
 193  0.1930  -0.6914
 194  0.1940  -0.6924
 195  0.1950  -0.6935
 196  0.1960  -0.6945
 197  0.1970  -0.6956
 198  0.1980  -0.6966
 199  0.1990  -0.6976
 200  0.2000  -0.6986
 201  0.2010  -0.6996
 202  0.2020  -0.7006
 203  0.2030  -0.7016
 204  0.2040  -0.7026
 205  0.2050  -0.7036
 206  0.2060  -0.7046
 207  0.2070  -0.7055
 208  0.2080  -0.7065
 209  0.2090  -0.7075
 210  0.2100  -0.7084
 211  0.2110  -0.7094
 212  0.2120  -0.7103
 213  0.2130  -0.7113
 214  0.2140  -0.7122
 215  0.2150  -0.7131
 216  0.2160  -0.7141
 217  0.2170  -0.7150
 218  0.2180  -0.7159
 219  0.2190  -0.7168
 220  0.2200  -0.7177
 221  0.2210  -0.7186
 222  0.2220  -0.7195
 223  0.2230  -0.7204
 224  0.2240  -0.7213
 225  0.2250  -0.7222
 226  0.2260  -0.7231
 227  0.2270  -0.7239
 228  0.2280  -0.7248
 229  0.2290  -0.7257
 230  0.2300  -0.7265
 231  0.2310  -0.7274
 232  0.2320  -0.7282
 233  0.2330  -0.7291
 234  0.2340  -0.7299
 235  0.2350  -0.7308
 236  0.2360  -0.7316
 237  0.2370  -0.7324
 238  0.2380  -0.7332
 239  0.2390  -0.7341
 240  0.2400  -0.7349
 241  0.2410  -0.7357
 242  0.2420  -0.7365
 243  0.2430  -0.7373
 244  0.2440  -0.7381
 245  0.2450  -0.7389
 246  0.2460  -0.7397
 247  0.2470  -0.7405
 248  0.2480  -0.7412
 249  0.2490  -0.7420
 250  0.2500  -0.7428
 251  0.2510  -0.7436
 252  0.2520  -0.7443
 253  0.2530  -0.7451
 254  0.2540  -0.7459
 255  0.2550  -0.7466
 256  0.2560  -0.7474
 257  0.2570  -0.7481
 258  0.2580  -0.7489
 259  0.2590  -0.7496
 260  0.2600  -0.7503
 261  0.2610  -0.7511
 262  0.2620  -0.7518
 263  0.2630  -0.7525
 264  0.2640  -0.7533
 265  0.2650  -0.7540
 266  0.2660  -0.7547
 267  0.2670  -0.7554
 268  0.2680  -0.7561
 269  0.2690  -0.7568
 270  0.2700  -0.7575
 271  0.2710  -0.7582
 272  0.2720  -0.7589
 273  0.2730  -0.7596
 274  0.2740  -0.7603
 275  0.2750  -0.7610
 276  0.2760  -0.7617
 277  0.2770  -0.7623
 278  0.2780  -0.7630
 279  0.2790  -0.7637
 280  0.2800  -0.7644
 281  0.2810  -0.7650
 282  0.2820  -0.7657
 283  0.2830  -0.7664
 284  0.2840  -0.7670
 285  0.2850  -0.7677
 286  0.2860  -0.7683
 287  0.2870  -0.7690
 288  0.2880  -0.7696
 289  0.2890  -0.7703
 290  0.2900  -0.7709
 291  0.2910  -0.7715
 292  0.2920  -0.7722
 293  0.2930  -0.7728
 294  0.2940  -0.7734
 295  0.2950  -0.7740
 296  0.2960  -0.7747
 297  0.2970  -0.7753
 298  0.2980  -0.7759
 299  0.2990  -0.7765
 300  0.3000  -0.7771
 301  0.3010  -0.7777
 302  0.3020  -0.7783
 303  0.3030  -0.7789
 304  0.3040  -0.7795
 305  0.3050  -0.7801
 306  0.3060  -0.7807
 307  0.3070  -0.7813
 308  0.3080  -0.7819
 309  0.3090  -0.7825
 310  0.3100  -0.7831
 311  0.3110  -0.7837
 312  0.3120  -0.7843
 313  0.3130  -0.7848
 314  0.3140  -0.7854
 315  0.3150  -0.7860
 316  0.3160  -0.7865
 317  0.3170  -0.7871
 318  0.3180  -0.7877
 319  0.3190  -0.7882
 320  0.3200  -0.7888
 321  0.3210  -0.7894
 322  0.3220  -0.7899
 323  0.3230  -0.7905
 324  0.3240  -0.7910
 325  0.3250  -0.7916
 326  0.3260  -0.7921
 327  0.3270  -0.7926
 328  0.3280  -0.7932
 329  0.3290  -0.7937
 330  0.3300  -0.7943
 331  0.3310  -0.7948
 332  0.3320  -0.7953
 333  0.3330  -0.7958
 334  0.3340  -0.7964
 335  0.3350  -0.7969
 336  0.3360  -0.7974
 337  0.3370  -0.7979
 338  0.3380  -0.7985
 339  0.3390  -0.7990
 340  0.3400  -0.7995
 341  0.3410  -0.8000
 342  0.3420  -0.8005
 343  0.3430  -0.8010
 344  0.3440  -0.8015
 345  0.3450  -0.8020
 346  0.3460  -0.8025
 347  0.3470  -0.8030
 348  0.3480  -0.8035
 349  0.3490  -0.8040
 350  0.3500  -0.8045
 351  0.3510  -0.8050
 352  0.3520  -0.8055
 353  0.3530  -0.8060
 354  0.3540  -0.8064
 355  0.3550  -0.8069
 356  0.3560  -0.8074
 357  0.3570  -0.8079
 358  0.3580  -0.8084
 359  0.3590  -0.8088
 360  0.3600  -0.8093
 361  0.3610  -0.8098
 362  0.3620  -0.8102
 363  0.3630  -0.8107
 364  0.3640  -0.8112
 365  0.3650  -0.8116
 366  0.3660  -0.8121
 367  0.3670  -0.8126
 368  0.3680  -0.8130
 369  0.3690  -0.8135
 370  0.3700  -0.8139
 371  0.3710  -0.8144
 372  0.3720  -0.8148
 373  0.3730  -0.8153
 374  0.3740  -0.8157
 375  0.3750  -0.8162
 376  0.3760  -0.8166
 377  0.3770  -0.8171
 378  0.3780  -0.8175
 379  0.3790  -0.8179
 380  0.3800  -0.8184
 381  0.3810  -0.8188
 382  0.3820  -0.8192
 383  0.3830  -0.8197
 384  0.3840  -0.8201
 385  0.3850  -0.8205
 386  0.3860  -0.8209
 387  0.3870  -0.8214
 388  0.3880  -0.8218
 389  0.3890  -0.8222
 390  0.3900  -0.8226
 391  0.3910  -0.8230
 392  0.3920  -0.8235
 393  0.3930  -0.8239
 394  0.3940  -0.8243
 395  0.3950  -0.8247
 396  0.3960  -0.8251
 397  0.3970  -0.8255
 398  0.3980  -0.8259
 399  0.3990  -0.8263
 400  0.4000  -0.8267
 401  0.4010  -0.8271
 402  0.4020  -0.8275
 403  0.4030  -0.8279
 404  0.4040  -0.8283
 405  0.4050  -0.8287
 406  0.4060  -0.8291
 407  0.4070  -0.8295
 408  0.4080  -0.8299
 409  0.4090  -0.8303
 410  0.4100  -0.8307
 411  0.4110  -0.8311
 412  0.4120  -0.8315
 413  0.4130  -0.8318
 414  0.4140  -0.8322
 415  0.4150  -0.8326
 416  0.4160  -0.8330
 417  0.4170  -0.8334
 418  0.4180  -0.8337
 419  0.4190  -0.8341
 420  0.4200  -0.8345
 421  0.4210  -0.8349
 422  0.4220  -0.8352
 423  0.4230  -0.8356
 424  0.4240  -0.8360
 425  0.4250  -0.8363
 426  0.4260  -0.8367
 427  0.4270  -0.8371
 428  0.4280  -0.8374
 429  0.4290  -0.8378
 430  0.4300  -0.8382
 431  0.4310  -0.8385
 432  0.4320  -0.8389
 433  0.4330  -0.8392
 434  0.4340  -0.8396
 435  0.4350  -0.8399
 436  0.4360  -0.8403
 437  0.4370  -0.8406
 438  0.4380  -0.8410
 439  0.4390  -0.8413
 440  0.4400  -0.8417
 441  0.4410  -0.8420
 442  0.4420  -0.8424
 443  0.4430  -0.8427
 444  0.4440  -0.8431
 445  0.4450  -0.8434
 446  0.4460  -0.8437
 447  0.4470  -0.8441
 448  0.4480  -0.8444
 449  0.4490  -0.8448
 450  0.4500  -0.8451
 451  0.4510  -0.8454
 452  0.4520  -0.8458
 453  0.4530  -0.8461
 454  0.4540  -0.8464
 455  0.4550  -0.8467
 456  0.4560  -0.8471
 457  0.4570  -0.8474
 458  0.4580  -0.8477
 459  0.4590  -0.8481
 460  0.4600  -0.8484
 461  0.4610  -0.8487
 462  0.4620  -0.8490
 463  0.4630  -0.8493
 464  0.4640  -0.8497
 465  0.4650  -0.8500
 466  0.4660  -0.8503
 467  0.4670  -0.8506
 468  0.4680  -0.8509
 469  0.4690  -0.8512
 470  0.4700  -0.8515
 471  0.4710  -0.8519
 472  0.4720  -0.8522
 473  0.4730  -0.8525
 474  0.4740  -0.8528
 475  0.4750  -0.8531
 476  0.4760  -0.8534
 477  0.4770  -0.8537
 478  0.4780  -0.8540
 479  0.4790  -0.8543
 480  0.4800  -0.8546
 481  0.4810  -0.8549
 482  0.4820  -0.8552
 483  0.4830  -0.8555
 484  0.4840  -0.8558
 485  0.4850  -0.8561
 486  0.4860  -0.8564
 487  0.4870  -0.8567
 488  0.4880  -0.8570
 489  0.4890  -0.8573
 490  0.4900  -0.8576
 491  0.4910  -0.8579
 492  0.4920  -0.8582
 493  0.4930  -0.8584
 494  0.4940  -0.8587
 495  0.4950  -0.8590
 496  0.4960  -0.8593
 497  0.4970  -0.8596
 498  0.4980  -0.8599
 499  0.4990  -0.8602
 500  0.5000  -0.8604
 501  0.5010  -0.8607
 502  0.5020  -0.8610
 503  0.5030  -0.8613
 504  0.5040  -0.8616
 505  0.5050  -0.8618
 506  0.5060  -0.8621
 507  0.5070  -0.8624
 508  0.5080  -0.8627
 509  0.5090  -0.8629
 510  0.5100  -0.8632
 511  0.5110  -0.8635
 512  0.5120  -0.8637
 513  0.5130  -0.8640
 514  0.5140  -0.8643
 515  0.5150  -0.8646
 516  0.5160  -0.8648
 517  0.5170  -0.8651
 518  0.5180  -0.8654
 519  0.5190  -0.8656
 520  0.5200  -0.8659
 521  0.5210  -0.8661
 522  0.5220  -0.8664
 523  0.5230  -0.8667
 524  0.5240  -0.8669
 525  0.5250  -0.8672
 526  0.5260  -0.8674
 527  0.5270  -0.8677
 528  0.5280  -0.8680
 529  0.5290  -0.8682
 530  0.5300  -0.8685
 531  0.5310  -0.8687
 532  0.5320  -0.8690
 533  0.5330  -0.8692
 534  0.5340  -0.8695
 535  0.5350  -0.8697
 536  0.5360  -0.8700
 537  0.5370  -0.8702
 538  0.5380  -0.8705
 539  0.5390  -0.8707
 540  0.5400  -0.8710
 541  0.5410  -0.8712
 542  0.5420  -0.8715
 543  0.5430  -0.8717
 544  0.5440  -0.8720
 545  0.5450  -0.8722
 546  0.5460  -0.8724
 547  0.5470  -0.8727
 548  0.5480  -0.8729
 549  0.5490  -0.8732
 550  0.5500  -0.8734
 551  0.5510  -0.8736
 552  0.5520  -0.8739
 553  0.5530  -0.8741
 554  0.5540  -0.8744
 555  0.5550  -0.8746
 556  0.5560  -0.8748
 557  0.5570  -0.8751
 558  0.5580  -0.8753
 559  0.5590  -0.8755
 560  0.5600  -0.8758
 561  0.5610  -0.8760
 562  0.5620  -0.8762
 563  0.5630  -0.8765
 564  0.5640  -0.8767
 565  0.5650  -0.8769
 566  0.5660  -0.8771
 567  0.5670  -0.8774
 568  0.5680  -0.8776
 569  0.5690  -0.8778
 570  0.5700  -0.8780
 571  0.5710  -0.8783
 572  0.5720  -0.8785
 573  0.5730  -0.8787
 574  0.5740  -0.8789
 575  0.5750  -0.8792
 576  0.5760  -0.8794
 577  0.5770  -0.8796
 578  0.5780  -0.8798
 579  0.5790  -0.8800
 580  0.5800  -0.8803
 581  0.5810  -0.8805
 582  0.5820  -0.8807
 583  0.5830  -0.8809
 584  0.5840  -0.8811
 585  0.5850  -0.8813
 586  0.5860  -0.8815
 587  0.5870  -0.8818
 588  0.5880  -0.8820
 589  0.5890  -0.8822
 590  0.5900  -0.8824
 591  0.5910  -0.8826
 592  0.5920  -0.8828
 593  0.5930  -0.8830
 594  0.5940  -0.8832
 595  0.5950  -0.8834
 596  0.5960  -0.8837
 597  0.5970  -0.8839
 598  0.5980  -0.8841
 599  0.5990  -0.8843
 600  0.6000  -0.8845
 601  0.6010  -0.8847
 602  0.6020  -0.8849
 603  0.6030  -0.8851
 604  0.6040  -0.8853
 605  0.6050  -0.8855
 606  0.6060  -0.8857
 607  0.6070  -0.8859
 608  0.6080  -0.8861
 609  0.6090  -0.8863
 610  0.6100  -0.8865
 611  0.6110  -0.8867
 612  0.6120  -0.8869
 613  0.6130  -0.8871
 614  0.6140  -0.8873
 615  0.6150  -0.8875
 616  0.6160  -0.8877
 617  0.6170  -0.8879
 618  0.6180  -0.8881
 619  0.6190  -0.8883
 620  0.6200  -0.8885
 621  0.6210  -0.8886
 622  0.6220  -0.8888
 623  0.6230  -0.8890
 624  0.6240  -0.8892
 625  0.6250  -0.8894
 626  0.6260  -0.8896
 627  0.6270  -0.8898
 628  0.6280  -0.8900
 629  0.6290  -0.8902
 630  0.6300  -0.8904
 631  0.6310  -0.8905
 632  0.6320  -0.8907
 633  0.6330  -0.8909
 634  0.6340  -0.8911
 635  0.6350  -0.8913
 636  0.6360  -0.8915
 637  0.6370  -0.8917
 638  0.6380  -0.8918
 639  0.6390  -0.8920
 640  0.6400  -0.8922
 641  0.6410  -0.8924
 642  0.6420  -0.8926
 643  0.6430  -0.8927
 644  0.6440  -0.8929
 645  0.6450  -0.8931
 646  0.6460  -0.8933
 647  0.6470  -0.8935
 648  0.6480  -0.8936
 649  0.6490  -0.8938
 650  0.6500  -0.8940
 651  0.6510  -0.8942
 652  0.6520  -0.8944
 653  0.6530  -0.8945
 654  0.6540  -0.8947
 655  0.6550  -0.8949
 656  0.6560  -0.8951
 657  0.6570  -0.8952
 658  0.6580  -0.8954
 659  0.6590  -0.8956
 660  0.6600  -0.8957
 661  0.6610  -0.8959
 662  0.6620  -0.8961
 663  0.6630  -0.8963
 664  0.6640  -0.8964
 665  0.6650  -0.8966
 666  0.6660  -0.8968
 667  0.6670  -0.8969
 668  0.6680  -0.8971
 669  0.6690  -0.8973
 670  0.6700  -0.8974
 671  0.6710  -0.8976
 672  0.6720  -0.8978
 673  0.6730  -0.8979
 674  0.6740  -0.8981
 675  0.6750  -0.8983
 676  0.6760  -0.8984
 677  0.6770  -0.8986
 678  0.6780  -0.8988
 679  0.6790  -0.8989
 680  0.6800  -0.8991
 681  0.6810  -0.8993
 682  0.6820  -0.8994
 683  0.6830  -0.8996
 684  0.6840  -0.8997
 685  0.6850  -0.8999
 686  0.6860  -0.9001
 687  0.6870  -0.9002
 688  0.6880  -0.9004
 689  0.6890  -0.9005
 690  0.6900  -0.9007
 691  0.6910  -0.9008
 692  0.6920  -0.9010
 693  0.6930  -0.9012
 694  0.6940  -0.9013
 695  0.6950  -0.9015
 696  0.6960  -0.9016
 697  0.6970  -0.9018
 698  0.6980  -0.9019
 699  0.6990  -0.9021
 700  0.7000  -0.9023
 701  0.7010  -0.9024
 702  0.7020  -0.9026
 703  0.7030  -0.9027
 704  0.7040  -0.9029
 705  0.7050  -0.9030
 706  0.7060  -0.9032
 707  0.7070  -0.9033
 708  0.7080  -0.9035
 709  0.7090  -0.9036
 710  0.7100  -0.9038
 711  0.7110  -0.9039
 712  0.7120  -0.9041
 713  0.7130  -0.9042
 714  0.7140  -0.9044
 715  0.7150  -0.9045
 716  0.7160  -0.9047
 717  0.7170  -0.9048
 718  0.7180  -0.9050
 719  0.7190  -0.9051
 720  0.7200  -0.9052
 721  0.7210  -0.9054
 722  0.7220  -0.9055
 723  0.7230  -0.9057
 724  0.7240  -0.9058
 725  0.7250  -0.9060
 726  0.7260  -0.9061
 727  0.7270  -0.9063
 728  0.7280  -0.9064
 729  0.7290  -0.9065
 730  0.7300  -0.9067
 731  0.7310  -0.9068
 732  0.7320  -0.9070
 733  0.7330  -0.9071
 734  0.7340  -0.9072
 735  0.7350  -0.9074
 736  0.7360  -0.9075
 737  0.7370  -0.9077
 738  0.7380  -0.9078
 739  0.7390  -0.9079
 740  0.7400  -0.9081
 741  0.7410  -0.9082
 742  0.7420  -0.9084
 743  0.7430  -0.9085
 744  0.7440  -0.9086
 745  0.7450  -0.9088
 746  0.7460  -0.9089
 747  0.7470  -0.9090
 748  0.7480  -0.9092
 749  0.7490  -0.9093
 750  0.7500  -0.9094
 751  0.7510  -0.9096
 752  0.7520  -0.9097
 753  0.7530  -0.9098
 754  0.7540  -0.9100
 755  0.7550  -0.9101
 756  0.7560  -0.9102
 757  0.7570  -0.9104
 758  0.7580  -0.9105
 759  0.7590  -0.9106
 760  0.7600  -0.9108
 761  0.7610  -0.9109
 762  0.7620  -0.9110
 763  0.7630  -0.9112
 764  0.7640  -0.9113
 765  0.7650  -0.9114
 766  0.7660  -0.9116
 767  0.7670  -0.9117
 768  0.7680  -0.9118
 769  0.7690  -0.9119
 770  0.7700  -0.9121
 771  0.7710  -0.9122
 772  0.7720  -0.9123
 773  0.7730  -0.9124
 774  0.7740  -0.9126
 775  0.7750  -0.9127
 776  0.7760  -0.9128
 777  0.7770  -0.9129
 778  0.7780  -0.9131
 779  0.7790  -0.9132
 780  0.7800  -0.9133
 781  0.7810  -0.9134
 782  0.7820  -0.9136
 783  0.7830  -0.9137
 784  0.7840  -0.9138
 785  0.7850  -0.9139
 786  0.7860  -0.9141
 787  0.7870  -0.9142
 788  0.7880  -0.9143
 789  0.7890  -0.9144
 790  0.7900  -0.9146
 791  0.7910  -0.9147
 792  0.7920  -0.9148
 793  0.7930  -0.9149
 794  0.7940  -0.9150
 795  0.7950  -0.9152
 796  0.7960  -0.9153
 797  0.7970  -0.9154
 798  0.7980  -0.9155
 799  0.7990  -0.9156
 800  0.8000  -0.9157
 801  0.8010  -0.9159
 802  0.8020  -0.9160
 803  0.8030  -0.9161
 804  0.8040  -0.9162
 805  0.8050  -0.9163
 806  0.8060  -0.9165
 807  0.8070  -0.9166
 808  0.8080  -0.9167
 809  0.8090  -0.9168
 810  0.8100  -0.9169
 811  0.8110  -0.9170
 812  0.8120  -0.9171
 813  0.8130  -0.9173
 814  0.8140  -0.9174
 815  0.8150  -0.9175
 816  0.8160  -0.9176
 817  0.8170  -0.9177
 818  0.8180  -0.9178
 819  0.8190  -0.9179
 820  0.8200  -0.9181
 821  0.8210  -0.9182
 822  0.8220  -0.9183
 823  0.8230  -0.9184
 824  0.8240  -0.9185
 825  0.8250  -0.9186
 826  0.8260  -0.9187
 827  0.8270  -0.9188
 828  0.8280  -0.9189
 829  0.8290  -0.9191
 830  0.8300  -0.9192
 831  0.8310  -0.9193
 832  0.8320  -0.9194
 833  0.8330  -0.9195
 834  0.8340  -0.9196
 835  0.8350  -0.9197
 836  0.8360  -0.9198
 837  0.8370  -0.9199
 838  0.8380  -0.9200
 839  0.8390  -0.9201
 840  0.8400  -0.9202
 841  0.8410  -0.9204
 842  0.8420  -0.9205
 843  0.8430  -0.9206
 844  0.8440  -0.9207
 845  0.8450  -0.9208
 846  0.8460  -0.9209
 847  0.8470  -0.9210
 848  0.8480  -0.9211
 849  0.8490  -0.9212
 850  0.8500  -0.9213
 851  0.8510  -0.9214
 852  0.8520  -0.9215
 853  0.8530  -0.9216
 854  0.8540  -0.9217
 855  0.8550  -0.9218
 856  0.8560  -0.9219
 857  0.8570  -0.9220
 858  0.8580  -0.9221
 859  0.8590  -0.9222
 860  0.8600  -0.9223
 861  0.8610  -0.9224
 862  0.8620  -0.9225
 863  0.8630  -0.9226
 864  0.8640  -0.9227
 865  0.8650  -0.9228
 866  0.8660  -0.9229
 867  0.8670  -0.9230
 868  0.8680  -0.9231
 869  0.8690  -0.9232
 870  0.8700  -0.9233
 871  0.8710  -0.9234
 872  0.8720  -0.9235
 873  0.8730  -0.9236
 874  0.8740  -0.9237
 875  0.8750  -0.9238
 876  0.8760  -0.9239
 877  0.8770  -0.9240
 878  0.8780  -0.9241
 879  0.8790  -0.9242
 880  0.8800  -0.9243
 881  0.8810  -0.9244
 882  0.8820  -0.9245
 883  0.8830  -0.9246
 884  0.8840  -0.9247
 885  0.8850  -0.9248
 886  0.8860  -0.9249
 887  0.8870  -0.9250
 888  0.8880  -0.9251
 889  0.8890  -0.9252
 890  0.8900  -0.9253
 891  0.8910  -0.9254
 892  0.8920  -0.9255
 893  0.8930  -0.9256
 894  0.8940  -0.9257
 895  0.8950  -0.9257
 896  0.8960  -0.9258
 897  0.8970  -0.9259
 898  0.8980  -0.9260
 899  0.8990  -0.9261
 900  0.9000  -0.9262
 901  0.9010  -0.9263
 902  0.9020  -0.9264
 903  0.9030  -0.9265
 904  0.9040  -0.9266
 905  0.9050  -0.9267
 906  0.9060  -0.9268
 907  0.9070  -0.9269
 908  0.9080  -0.9269
 909  0.9090  -0.9270
 910  0.9100  -0.9271
 911  0.9110  -0.9272
 912  0.9120  -0.9273
 913  0.9130  -0.9274
 914  0.9140  -0.9275
 915  0.9150  -0.9276
 916  0.9160  -0.9277
 917  0.9170  -0.9278
 918  0.9180  -0.9278
 919  0.9190  -0.9279
 920  0.9200  -0.9280
 921  0.9210  -0.9281
 922  0.9220  -0.9282
 923  0.9230  -0.9283
 924  0.9240  -0.9284
 925  0.9250  -0.9285
 926  0.9260  -0.9285
 927  0.9270  -0.9286
 928  0.9280  -0.9287
 929  0.9290  -0.9288
 930  0.9300  -0.9289
 931  0.9310  -0.9290
 932  0.9320  -0.9291
 933  0.9330  -0.9291
 934  0.9340  -0.9292
 935  0.9350  -0.9293
 936  0.9360  -0.9294
 937  0.9370  -0.9295
 938  0.9380  -0.9296
 939  0.9390  -0.9297
 940  0.9400  -0.9297
 941  0.9410  -0.9298
 942  0.9420  -0.9299
 943  0.9430  -0.9300
 944  0.9440  -0.9301
 945  0.9450  -0.9302
 946  0.9460  -0.9302
 947  0.9470  -0.9303
 948  0.9480  -0.9304
 949  0.9490  -0.9305
 950  0.9500  -0.9306
 951  0.9510  -0.9307
 952  0.9520  -0.9307
 953  0.9530  -0.9308
 954  0.9540  -0.9309
 955  0.9550  -0.9310
 956  0.9560  -0.9311
 957  0.9570  -0.9311
 958  0.9580  -0.9312
 959  0.9590  -0.9313
 960  0.9600  -0.9314
 961  0.9610  -0.9315
 962  0.9620  -0.9315
 963  0.9630  -0.9316
 964  0.9640  -0.9317
 965  0.9650  -0.9318
 966  0.9660  -0.9319
 967  0.9670  -0.9319
 968  0.9680  -0.9320
 969  0.9690  -0.9321
 970  0.9700  -0.9322
 971  0.9710  -0.9323
 972  0.9720  -0.9323
 973  0.9730  -0.9324
 974  0.9740  -0.9325
 975  0.9750  -0.9326
 976  0.9760  -0.9326
 977  0.9770  -0.9327
 978  0.9780  -0.9328
 979  0.9790  -0.9329
 980  0.9800  -0.9330
 981  0.9810  -0.9330
 982  0.9820  -0.9331
 983  0.9830  -0.9332
 984  0.9840  -0.9333
 985  0.9850  -0.9333
 986  0.9860  -0.9334
 987  0.9870  -0.9335
 988  0.9880  -0.9336
 989  0.9890  -0.9336
 990  0.9900  -0.9337
 991  0.9910  -0.9338
 992  0.9920  -0.9339
 993  0.9930  -0.9339
 994  0.9940  -0.9340
 995  0.9950  -0.9341
 996  0.9960  -0.9342
 997  0.9970  -0.9342
 998  0.9980  -0.9343
 999  0.9990  -0.9344
1000  1.0000  -0.9345
1001  1.0010  -0.9345
1002  1.0020  -0.9346
1003  1.0030  -0.9347
1004  1.0040  -0.9347
1005  1.0050  -0.9348
1006  1.0060  -0.9349
1007  1.0070  -0.9350
1008  1.0080  -0.9350
1009  1.0090  -0.9351
1010  1.0100  -0.9352
1011  1.0110  -0.9353
1012  1.0120  -0.9353
1013  1.0130  -0.9354
1014  1.0140  -0.9355
1015  1.0150  -0.9355
1016  1.0160  -0.9356
1017  1.0170  -0.9357
1018  1.0180  -0.9358
1019  1.0190  -0.9358
1020  1.0200  -0.9359
1021  1.0210  -0.9360
1022  1.0220  -0.9360
1023  1.0230  -0.9361
1024  1.0240  -0.9362
1025  1.0250  -0.9362
1026  1.0260  -0.9363
1027  1.0270  -0.9364
1028  1.0280  -0.9364
1029  1.0290  -0.9365
1030  1.0300  -0.9366
1031  1.0310  -0.9367
1032  1.0320  -0.9367
1033  1.0330  -0.9368
1034  1.0340  -0.9369
1035  1.0350  -0.9369
1036  1.0360  -0.9370
1037  1.0370  -0.9371
1038  1.0380  -0.9371
1039  1.0390  -0.9372
1040  1.0400  -0.9373
1041  1.0410  -0.9373
1042  1.0420  -0.9374
1043  1.0430  -0.9375
1044  1.0440  -0.9375
1045  1.0450  -0.9376
1046  1.0460  -0.9377
1047  1.0470  -0.9377
1048  1.0480  -0.9378
1049  1.0490  -0.9379
1050  1.0500  -0.9379
1051  1.0510  -0.9380
1052  1.0520  -0.9381
1053  1.0530  -0.9381
1054  1.0540  -0.9382
1055  1.0550  -0.9383
1056  1.0560  -0.9383
1057  1.0570  -0.9384
1058  1.0580  -0.9384
1059  1.0590  -0.9385
1060  1.0600  -0.9386
1061  1.0610  -0.9386
1062  1.0620  -0.9387
1063  1.0630  -0.9388
1064  1.0640  -0.9388
1065  1.0650  -0.9389
1066  1.0660  -0.9390
1067  1.0670  -0.9390
1068  1.0680  -0.9391
1069  1.0690  -0.9391
1070  1.0700  -0.9392
1071  1.0710  -0.9393
1072  1.0720  -0.9393
1073  1.0730  -0.9394
1074  1.0740  -0.9395
1075  1.0750  -0.9395
1076  1.0760  -0.9396
1077  1.0770  -0.9396
1078  1.0780  -0.9397
1079  1.0790  -0.9398
1080  1.0800  -0.9398
1081  1.0810  -0.9399
1082  1.0820  -0.9400
1083  1.0830  -0.9400
1084  1.0840  -0.9401
1085  1.0850  -0.9401
1086  1.0860  -0.9402
1087  1.0870  -0.9403
1088  1.0880  -0.9403
1089  1.0890  -0.9404
1090  1.0900  -0.9404
1091  1.0910  -0.9405
1092  1.0920  -0.9406
1093  1.0930  -0.9406
1094  1.0940  -0.9407
1095  1.0950  -0.9407
1096  1.0960  -0.9408
1097  1.0970  -0.9409
1098  1.0980  -0.9409
1099  1.0990  -0.9410
1100  1.1000  -0.9410
1101  1.1010  -0.9411
1102  1.1020  -0.9411
1103  1.1030  -0.9412
1104  1.1040  -0.9413
1105  1.1050  -0.9413
1106  1.1060  -0.9414
1107  1.1070  -0.9414
1108  1.1080  -0.9415
1109  1.1090  -0.9416
1110  1.1100  -0.9416
1111  1.1110  -0.9417
1112  1.1120  -0.9417
1113  1.1130  -0.9418
1114  1.1140  -0.9418
1115  1.1150  -0.9419
1116  1.1160  -0.9420
1117  1.1170  -0.9420
1118  1.1180  -0.9421
1119  1.1190  -0.9421
1120  1.1200  -0.9422
1121  1.1210  -0.9422
1122  1.1220  -0.9423
1123  1.1230  -0.9423
1124  1.1240  -0.9424
1125  1.1250  -0.9425
1126  1.1260  -0.9425
1127  1.1270  -0.9426
1128  1.1280  -0.9426
1129  1.1290  -0.9427
1130  1.1300  -0.9427
1131  1.1310  -0.9428
1132  1.1320  -0.9428
1133  1.1330  -0.9429
1134  1.1340  -0.9430
1135  1.1350  -0.9430
1136  1.1360  -0.9431
1137  1.1370  -0.9431
1138  1.1380  -0.9432
1139  1.1390  -0.9432
1140  1.1400  -0.9433
1141  1.1410  -0.9433
1142  1.1420  -0.9434
1143  1.1430  -0.9434
1144  1.1440  -0.9435
1145  1.1450  -0.9436
1146  1.1460  -0.9436
1147  1.1470  -0.9437
1148  1.1480  -0.9437
1149  1.1490  -0.9438
1150  1.1500  -0.9438
1151  1.1510  -0.9439
1152  1.1520  -0.9439
1153  1.1530  -0.9440
1154  1.1540  -0.9440
1155  1.1550  -0.9441
1156  1.1560  -0.9441
1157  1.1570  -0.9442
1158  1.1580  -0.9442
1159  1.1590  -0.9443
1160  1.1600  -0.9443
1161  1.1610  -0.9444
1162  1.1620  -0.9444
1163  1.1630  -0.9445
1164  1.1640  -0.9445
1165  1.1650  -0.9446
1166  1.1660  -0.9446
1167  1.1670  -0.9447
1168  1.1680  -0.9447
1169  1.1690  -0.9448
1170  1.1700  -0.9448
1171  1.1710  -0.9449
1172  1.1720  -0.9449
1173  1.1730  -0.9450
1174  1.1740  -0.9451
1175  1.1750  -0.9451
1176  1.1760  -0.9452
1177  1.1770  -0.9452
1178  1.1780  -0.9453
1179  1.1790  -0.9453
1180  1.1800  -0.9453
1181  1.1810  -0.9454
1182  1.1820  -0.9454
1183  1.1830  -0.9455
1184  1.1840  -0.9455
1185  1.1850  -0.9456
1186  1.1860  -0.9456
1187  1.1870  -0.9457
1188  1.1880  -0.9457
1189  1.1890  -0.9458
1190  1.1900  -0.9458
1191  1.1910  -0.9459
1192  1.1920  -0.9459
1193  1.1930  -0.9460
1194  1.1940  -0.9460
1195  1.1950  -0.9461
1196  1.1960  -0.9461
1197  1.1970  -0.9462
1198  1.1980  -0.9462
1199  1.1990  -0.9463
1200  1.2000  -0.9463
1201  1.2010  -0.9464
1202  1.2020  -0.9464
1203  1.2030  -0.9465
1204  1.2040  -0.9465
1205  1.2050  -0.9466
1206  1.2060  -0.9466
1207  1.2070  -0.9466
1208  1.2080  -0.9467
1209  1.2090  -0.9467
1210  1.2100  -0.9468
1211  1.2110  -0.9468
1212  1.2120  -0.9469
1213  1.2130  -0.9469
1214  1.2140  -0.9470
1215  1.2150  -0.9470
1216  1.2160  -0.9471
1217  1.2170  -0.9471
1218  1.2180  -0.9472
1219  1.2190  -0.9472
1220  1.2200  -0.9472
1221  1.2210  -0.9473
1222  1.2220  -0.9473
1223  1.2230  -0.9474
1224  1.2240  -0.9474
1225  1.2250  -0.9475
1226  1.2260  -0.9475
1227  1.2270  -0.9476
1228  1.2280  -0.9476
1229  1.2290  -0.9477
1230  1.2300  -0.9477
1231  1.2310  -0.9477
1232  1.2320  -0.9478
1233  1.2330  -0.9478
1234  1.2340  -0.9479
1235  1.2350  -0.9479
1236  1.2360  -0.9480
1237  1.2370  -0.9480
1238  1.2380  -0.9480
1239  1.2390  -0.9481
1240  1.2400  -0.9481
1241  1.2410  -0.9482
1242  1.2420  -0.9482
1243  1.2430  -0.9483
1244  1.2440  -0.9483
1245  1.2450  -0.9484
1246  1.2460  -0.9484
1247  1.2470  -0.9484
1248  1.2480  -0.9485
1249  1.2490  -0.9485
1250  1.2500  -0.9486
1251  1.2510  -0.9486
1252  1.2520  -0.9487
1253  1.2530  -0.9487
1254  1.2540  -0.9487
1255  1.2550  -0.9488
1256  1.2560  -0.9488
1257  1.2570  -0.9489
1258  1.2580  -0.9489
1259  1.2590  -0.9489
1260  1.2600  -0.9490
1261  1.2610  -0.9490
1262  1.2620  -0.9491
1263  1.2630  -0.9491
1264  1.2640  -0.9492
1265  1.2650  -0.9492
1266  1.2660  -0.9492
1267  1.2670  -0.9493
1268  1.2680  -0.9493
1269  1.2690  -0.9494
1270  1.2700  -0.9494
1271  1.2710  -0.9494
1272  1.2720  -0.9495
1273  1.2730  -0.9495
1274  1.2740  -0.9496
1275  1.2750  -0.9496
1276  1.2760  -0.9496
1277  1.2770  -0.9497
1278  1.2780  -0.9497
1279  1.2790  -0.9498
1280  1.2800  -0.9498
1281  1.2810  -0.9498
1282  1.2820  -0.9499
1283  1.2830  -0.9499
1284  1.2840  -0.9500
1285  1.2850  -0.9500
1286  1.2860  -0.9500
1287  1.2870  -0.9501
1288  1.2880  -0.9501
1289  1.2890  -0.9502
1290  1.2900  -0.9502
1291  1.2910  -0.9502
1292  1.2920  -0.9503
1293  1.2930  -0.9503
1294  1.2940  -0.9504
1295  1.2950  -0.9504
1296  1.2960  -0.9504
1297  1.2970  -0.9505
1298  1.2980  -0.9505
1299  1.2990  -0.9506
1300  1.3000  -0.9506
1301  1.3010  -0.9506
1302  1.3020  -0.9507
1303  1.3030  -0.9507
1304  1.3040  -0.9507
1305  1.3050  -0.9508
1306  1.3060  -0.9508
1307  1.3070  -0.9509
1308  1.3080  -0.9509
1309  1.3090  -0.9509
1310  1.3100  -0.9510
1311  1.3110  -0.9510
1312  1.3120  -0.9510
1313  1.3130  -0.9511
1314  1.3140  -0.9511
1315  1.3150  -0.9512
1316  1.3160  -0.9512
1317  1.3170  -0.9512
1318  1.3180  -0.9513
1319  1.3190  -0.9513
1320  1.3200  -0.9513
1321  1.3210  -0.9514
1322  1.3220  -0.9514
1323  1.3230  -0.9515
1324  1.3240  -0.9515
1325  1.3250  -0.9515
1326  1.3260  -0.9516
1327  1.3270  -0.9516
1328  1.3280  -0.9516
1329  1.3290  -0.9517
1330  1.3300  -0.9517
1331  1.3310  -0.9517
1332  1.3320  -0.9518
1333  1.3330  -0.9518
1334  1.3340  -0.9518
1335  1.3350  -0.9519
1336  1.3360  -0.9519
1337  1.3370  -0.9520
1338  1.3380  -0.9520
1339  1.3390  -0.9520
1340  1.3400  -0.9521
1341  1.3410  -0.9521
1342  1.3420  -0.9521
1343  1.3430  -0.9522
1344  1.3440  -0.9522
1345  1.3450  -0.9522
1346  1.3460  -0.9523
1347  1.3470  -0.9523
1348  1.3480  -0.9523
1349  1.3490  -0.9524
1350  1.3500  -0.9524
1351  1.3510  -0.9524
1352  1.3520  -0.9525
1353  1.3530  -0.9525
1354  1.3540  -0.9525
1355  1.3550  -0.9526
1356  1.3560  -0.9526
1357  1.3570  -0.9527
1358  1.3580  -0.9527
1359  1.3590  -0.9527
1360  1.3600  -0.9528
1361  1.3610  -0.9528
1362  1.3620  -0.9528
1363  1.3630  -0.9529
1364  1.3640  -0.9529
1365  1.3650  -0.9529
1366  1.3660  -0.9530
1367  1.3670  -0.9530
1368  1.3680  -0.9530
1369  1.3690  -0.9531
1370  1.3700  -0.9531
1371  1.3710  -0.9531
1372  1.3720  -0.9532
1373  1.3730  -0.9532
1374  1.3740  -0.9532
1375  1.3750  -0.9533
1376  1.3760  -0.9533
1377  1.3770  -0.9533
1378  1.3780  -0.9533
1379  1.3790  -0.9534
1380  1.3800  -0.9534
1381  1.3810  -0.9534
1382  1.3820  -0.9535
1383  1.3830  -0.9535
1384  1.3840  -0.9535
1385  1.3850  -0.9536
1386  1.3860  -0.9536
1387  1.3870  -0.9536
1388  1.3880  -0.9537
1389  1.3890  -0.9537
1390  1.3900  -0.9537
1391  1.3910  -0.9538
1392  1.3920  -0.9538
1393  1.3930  -0.9538
1394  1.3940  -0.9539
1395  1.3950  -0.9539
1396  1.3960  -0.9539
1397  1.3970  -0.9540
1398  1.3980  -0.9540
1399  1.3990  -0.9540
1400  1.4000  -0.9540
1401  1.4010  -0.9541
1402  1.4020  -0.9541
1403  1.4030  -0.9541
1404  1.4040  -0.9542
1405  1.4050  -0.9542
1406  1.4060  -0.9542
1407  1.4070  -0.9543
1408  1.4080  -0.9543
1409  1.4090  -0.9543
1410  1.4100  -0.9544
1411  1.4110  -0.9544
1412  1.4120  -0.9544
1413  1.4130  -0.9544
1414  1.4140  -0.9545
1415  1.4150  -0.9545
1416  1.4160  -0.9545
1417  1.4170  -0.9546
1418  1.4180  -0.9546
1419  1.4190  -0.9546
1420  1.4200  -0.9547
1421  1.4210  -0.9547
1422  1.4220  -0.9547
1423  1.4230  -0.9547
1424  1.4240  -0.9548
1425  1.4250  -0.9548
1426  1.4260  -0.9548
1427  1.4270  -0.9549
1428  1.4280  -0.9549
1429  1.4290  -0.9549
1430  1.4300  -0.9550
1431  1.4310  -0.9550
1432  1.4320  -0.9550
1433  1.4330  -0.9550
1434  1.4340  -0.9551
1435  1.4350  -0.9551
1436  1.4360  -0.9551
1437  1.4370  -0.9552
1438  1.4380  -0.9552
1439  1.4390  -0.9552
1440  1.4400  -0.9552
1441  1.4410  -0.9553
1442  1.4420  -0.9553
1443  1.4430  -0.9553
1444  1.4440  -0.9554
1445  1.4450  -0.9554
1446  1.4460  -0.9554
1447  1.4470  -0.9554
1448  1.4480  -0.9555
1449  1.4490  -0.9555
1450  1.4500  -0.9555
1451  1.4510  -0.9555
1452  1.4520  -0.9556
1453  1.4530  -0.9556
1454  1.4540  -0.9556
1455  1.4550  -0.9557
1456  1.4560  -0.9557
1457  1.4570  -0.9557
1458  1.4580  -0.9557
1459  1.4590  -0.9558
1460  1.4600  -0.9558
1461  1.4610  -0.9558
1462  1.4620  -0.9558
1463  1.4630  -0.9559
1464  1.4640  -0.9559
1465  1.4650  -0.9559
1466  1.4660  -0.9560
1467  1.4670  -0.9560
1468  1.4680  -0.9560
1469  1.4690  -0.9560
1470  1.4700  -0.9561
1471  1.4710  -0.9561
1472  1.4720  -0.9561
1473  1.4730  -0.9561
1474  1.4740  -0.9562
1475  1.4750  -0.9562
1476  1.4760  -0.9562
1477  1.4770  -0.9562
1478  1.4780  -0.9563
1479  1.4790  -0.9563
1480  1.4800  -0.9563
1481  1.4810  -0.9564
1482  1.4820  -0.9564
1483  1.4830  -0.9564
1484  1.4840  -0.9564
1485  1.4850  -0.9565
1486  1.4860  -0.9565
1487  1.4870  -0.9565
1488  1.4880  -0.9565
1489  1.4890  -0.9566
1490  1.4900  -0.9566
1491  1.4910  -0.9566
1492  1.4920  -0.9566
1493  1.4930  -0.9567
1494  1.4940  -0.9567
1495  1.4950  -0.9567
1496  1.4960  -0.9567
1497  1.4970  -0.9568
1498  1.4980  -0.9568
1499  1.4990  -0.9568
1500  1.5000  -0.9568
1501  1.5010  -0.9569
1502  1.5020  -0.9569
1503  1.5030  -0.9569
1504  1.5040  -0.9569
1505  1.5050  -0.9570
1506  1.5060  -0.9570
1507  1.5070  -0.9570
1508  1.5080  -0.9570
1509  1.5090  -0.9571
1510  1.5100  -0.9571
1511  1.5110  -0.9571
1512  1.5120  -0.9571
1513  1.5130  -0.9572
1514  1.5140  -0.9572
1515  1.5150  -0.9572
1516  1.5160  -0.9572
1517  1.5170  -0.9573
1518  1.5180  -0.9573
1519  1.5190  -0.9573
1520  1.5200  -0.9573
1521  1.5210  -0.9573
1522  1.5220  -0.9574
1523  1.5230  -0.9574
1524  1.5240  -0.9574
1525  1.5250  -0.9574
1526  1.5260  -0.9575
1527  1.5270  -0.9575
1528  1.5280  -0.9575
1529  1.5290  -0.9575
1530  1.5300  -0.9576
1531  1.5310  -0.9576
1532  1.5320  -0.9576
1533  1.5330  -0.9576
1534  1.5340  -0.9577
1535  1.5350  -0.9577
1536  1.5360  -0.9577
1537  1.5370  -0.9577
1538  1.5380  -0.9577
1539  1.5390  -0.9578
1540  1.5400  -0.9578
1541  1.5410  -0.9578
1542  1.5420  -0.9578
1543  1.5430  -0.9579
1544  1.5440  -0.9579
1545  1.5450  -0.9579
1546  1.5460  -0.9579
1547  1.5470  -0.9579
1548  1.5480  -0.9580
1549  1.5490  -0.9580
1550  1.5500  -0.9580
1551  1.5510  -0.9580
1552  1.5520  -0.9581
1553  1.5530  -0.9581
1554  1.5540  -0.9581
1555  1.5550  -0.9581
1556  1.5560  -0.9581
1557  1.5570  -0.9582
1558  1.5580  -0.9582
1559  1.5590  -0.9582
1560  1.5600  -0.9582
1561  1.5610  -0.9583
1562  1.5620  -0.9583
1563  1.5630  -0.9583
1564  1.5640  -0.9583
1565  1.5650  -0.9583
1566  1.5660  -0.9584
1567  1.5670  -0.9584
1568  1.5680  -0.9584
1569  1.5690  -0.9584
1570  1.5700  -0.9585
1571  1.5710  -0.9585
1572  1.5720  -0.9585
1573  1.5730  -0.9585
1574  1.5740  -0.9585
1575  1.5750  -0.9586
1576  1.5760  -0.9586
1577  1.5770  -0.9586
1578  1.5780  -0.9586
1579  1.5790  -0.9586
1580  1.5800  -0.9587
1581  1.5810  -0.9587
1582  1.5820  -0.9587
1583  1.5830  -0.9587
1584  1.5840  -0.9587
1585  1.5850  -0.9588
1586  1.5860  -0.9588
1587  1.5870  -0.9588
1588  1.5880  -0.9588
1589  1.5890  -0.9588
1590  1.5900  -0.9589
1591  1.5910  -0.9589
1592  1.5920  -0.9589
1593  1.5930  -0.9589
1594  1.5940  -0.9589
1595  1.5950  -0.9590
1596  1.5960  -0.9590
1597  1.5970  -0.9590
1598  1.5980  -0.9590
1599  1.5990  -0.9590
1600  1.6000  -0.9591
1601  1.6010  -0.9591
1602  1.6020  -0.9591
1603  1.6030  -0.9591
1604  1.6040  -0.9591
1605  1.6050  -0.9592
1606  1.6060  -0.9592
1607  1.6070  -0.9592
1608  1.6080  -0.9592
1609  1.6090  -0.9592
1610  1.6100  -0.9593
1611  1.6110  -0.9593
1612  1.6120  -0.9593
1613  1.6130  -0.9593
1614  1.6140  -0.9593
1615  1.6150  -0.9594
1616  1.6160  -0.9594
1617  1.6170  -0.9594
1618  1.6180  -0.9594
1619  1.6190  -0.9594
1620  1.6200  -0.9595
1621  1.6210  -0.9595
1622  1.6220  -0.9595
1623  1.6230  -0.9595
1624  1.6240  -0.9595
1625  1.6250  -0.9595
1626  1.6260  -0.9596
1627  1.6270  -0.9596
1628  1.6280  -0.9596
1629  1.6290  -0.9596
1630  1.6300  -0.9596
1631  1.6310  -0.9597
1632  1.6320  -0.9597
1633  1.6330  -0.9597
1634  1.6340  -0.9597
1635  1.6350  -0.9597
1636  1.6360  -0.9597
1637  1.6370  -0.9598
1638  1.6380  -0.9598
1639  1.6390  -0.9598
1640  1.6400  -0.9598
1641  1.6410  -0.9598
1642  1.6420  -0.9599
1643  1.6430  -0.9599
1644  1.6440  -0.9599
1645  1.6450  -0.9599
1646  1.6460  -0.9599
1647  1.6470  -0.9599
1648  1.6480  -0.9600
1649  1.6490  -0.9600
1650  1.6500  -0.9600
1651  1.6510  -0.9600
1652  1.6520  -0.9600
1653  1.6530  -0.9600
1654  1.6540  -0.9601
1655  1.6550  -0.9601
1656  1.6560  -0.9601
1657  1.6570  -0.9601
1658  1.6580  -0.9601
1659  1.6590  -0.9602
1660  1.6600  -0.9602
1661  1.6610  -0.9602
1662  1.6620  -0.9602
1663  1.6630  -0.9602
1664  1.6640  -0.9602
1665  1.6650  -0.9603
1666  1.6660  -0.9603
1667  1.6670  -0.9603
1668  1.6680  -0.9603
1669  1.6690  -0.9603
1670  1.6700  -0.9603
1671  1.6710  -0.9604
1672  1.6720  -0.9604
1673  1.6730  -0.9604
1674  1.6740  -0.9604
1675  1.6750  -0.9604
1676  1.6760  -0.9604
1677  1.6770  -0.9605
1678  1.6780  -0.9605
1679  1.6790  -0.9605
1680  1.6800  -0.9605
1681  1.6810  -0.9605
1682  1.6820  -0.9605
1683  1.6830  -0.9605
1684  1.6840  -0.9606
1685  1.6850  -0.9606
1686  1.6860  -0.9606
1687  1.6870  -0.9606
1688  1.6880  -0.9606
1689  1.6890  -0.9606
1690  1.6900  -0.9607
1691  1.6910  -0.9607
1692  1.6920  -0.9607
1693  1.6930  -0.9607
1694  1.6940  -0.9607
1695  1.6950  -0.9607
1696  1.6960  -0.9608
1697  1.6970  -0.9608
1698  1.6980  -0.9608
1699  1.6990  -0.9608
1700  1.7000  -0.9608
1701  1.7010  -0.9608
1702  1.7020  -0.9608
1703  1.7030  -0.9609
1704  1.7040  -0.9609
1705  1.7050  -0.9609
1706  1.7060  -0.9609
1707  1.7070  -0.9609
1708  1.7080  -0.9609
1709  1.7090  -0.9610
1710  1.7100  -0.9610
1711  1.7110  -0.9610
1712  1.7120  -0.9610
1713  1.7130  -0.9610
1714  1.7140  -0.9610
1715  1.7150  -0.9610
1716  1.7160  -0.9611
1717  1.7170  -0.9611
1718  1.7180  -0.9611
1719  1.7190  -0.9611
1720  1.7200  -0.9611
1721  1.7210  -0.9611
1722  1.7220  -0.9611
1723  1.7230  -0.9612
1724  1.7240  -0.9612
1725  1.7250  -0.9612
1726  1.7260  -0.9612
1727  1.7270  -0.9612
1728  1.7280  -0.9612
1729  1.7290  -0.9612
1730  1.7300  -0.9613
1731  1.7310  -0.9613
1732  1.7320  -0.9613
1733  1.7330  -0.9613
1734  1.7340  -0.9613
1735  1.7350  -0.9613
1736  1.7360  -0.9613
1737  1.7370  -0.9614
1738  1.7380  -0.9614
1739  1.7390  -0.9614
1740  1.7400  -0.9614
1741  1.7410  -0.9614
1742  1.7420  -0.9614
1743  1.7430  -0.9614
1744  1.7440  -0.9614
1745  1.7450  -0.9615
1746  1.7460  -0.9615
1747  1.7470  -0.9615
1748  1.7480  -0.9615
1749  1.7490  -0.9615
1750  1.7500  -0.9615
1751  1.7510  -0.9615
1752  1.7520  -0.9616
1753  1.7530  -0.9616
1754  1.7540  -0.9616
1755  1.7550  -0.9616
1756  1.7560  -0.9616
1757  1.7570  -0.9616
1758  1.7580  -0.9616
1759  1.7590  -0.9616
1760  1.7600  -0.9617
1761  1.7610  -0.9617
1762  1.7620  -0.9617
1763  1.7630  -0.9617
1764  1.7640  -0.9617
1765  1.7650  -0.9617
1766  1.7660  -0.9617
1767  1.7670  -0.9617
1768  1.7680  -0.9618
1769  1.7690  -0.9618
1770  1.7700  -0.9618
1771  1.7710  -0.9618
1772  1.7720  -0.9618
1773  1.7730  -0.9618
1774  1.7740  -0.9618
1775  1.7750  -0.9618
1776  1.7760  -0.9619
1777  1.7770  -0.9619
1778  1.7780  -0.9619
1779  1.7790  -0.9619
1780  1.7800  -0.9619
1781  1.7810  -0.9619
1782  1.7820  -0.9619
1783  1.7830  -0.9619
1784  1.7840  -0.9620
1785  1.7850  -0.9620
1786  1.7860  -0.9620
1787  1.7870  -0.9620
1788  1.7880  -0.9620
1789  1.7890  -0.9620
1790  1.7900  -0.9620
1791  1.7910  -0.9620
1792  1.7920  -0.9621
1793  1.7930  -0.9621
1794  1.7940  -0.9621
1795  1.7950  -0.9621
1796  1.7960  -0.9621
1797  1.7970  -0.9621
1798  1.7980  -0.9621
1799  1.7990  -0.9621
1800  1.8000  -0.9621
1801  1.8010  -0.9622
1802  1.8020  -0.9622
1803  1.8030  -0.9622
1804  1.8040  -0.9622
1805  1.8050  -0.9622
1806  1.8060  -0.9622
1807  1.8070  -0.9622
1808  1.8080  -0.9622
1809  1.8090  -0.9622
1810  1.8100  -0.9623
1811  1.8110  -0.9623
1812  1.8120  -0.9623
1813  1.8130  -0.9623
1814  1.8140  -0.9623
1815  1.8150  -0.9623
1816  1.8160  -0.9623
1817  1.8170  -0.9623
1818  1.8180  -0.9623
1819  1.8190  -0.9624
1820  1.8200  -0.9624
1821  1.8210  -0.9624
1822  1.8220  -0.9624
1823  1.8230  -0.9624
1824  1.8240  -0.9624
1825  1.8250  -0.9624
1826  1.8260  -0.9624
1827  1.8270  -0.9624
1828  1.8280  -0.9624
1829  1.8290  -0.9625
1830  1.8300  -0.9625
1831  1.8310  -0.9625
1832  1.8320  -0.9625
1833  1.8330  -0.9625
1834  1.8340  -0.9625
1835  1.8350  -0.9625
1836  1.8360  -0.9625
1837  1.8370  -0.9625
1838  1.8380  -0.9625
1839  1.8390  -0.9626
1840  1.8400  -0.9626
1841  1.8410  -0.9626
1842  1.8420  -0.9626
1843  1.8430  -0.9626
1844  1.8440  -0.9626
1845  1.8450  -0.9626
1846  1.8460  -0.9626
1847  1.8470  -0.9626
1848  1.8480  -0.9626
1849  1.8490  -0.9627
1850  1.8500  -0.9627
1851  1.8510  -0.9627
1852  1.8520  -0.9627
1853  1.8530  -0.9627
1854  1.8540  -0.9627
1855  1.8550  -0.9627
1856  1.8560  -0.9627
1857  1.8570  -0.9627
1858  1.8580  -0.9627
1859  1.8590  -0.9627
1860  1.8600  -0.9628
1861  1.8610  -0.9628
1862  1.8620  -0.9628
1863  1.8630  -0.9628
1864  1.8640  -0.9628
1865  1.8650  -0.9628
1866  1.8660  -0.9628
1867  1.8670  -0.9628
1868  1.8680  -0.9628
1869  1.8690  -0.9628
1870  1.8700  -0.9628
1871  1.8710  -0.9629
1872  1.8720  -0.9629
1873  1.8730  -0.9629
1874  1.8740  -0.9629
1875  1.8750  -0.9629
1876  1.8760  -0.9629
1877  1.8770  -0.9629
1878  1.8780  -0.9629
1879  1.8790  -0.9629
1880  1.8800  -0.9629
1881  1.8810  -0.9629
1882  1.8820  -0.9630
1883  1.8830  -0.9630
1884  1.8840  -0.9630
1885  1.8850  -0.9630
1886  1.8860  -0.9630
1887  1.8870  -0.9630
1888  1.8880  -0.9630
1889  1.8890  -0.9630
1890  1.8900  -0.9630
1891  1.8910  -0.9630
1892  1.8920  -0.9630
1893  1.8930  -0.9630
1894  1.8940  -0.9630
1895  1.8950  -0.9631
1896  1.8960  -0.9631
1897  1.8970  -0.9631
1898  1.8980  -0.9631
1899  1.8990  -0.9631
1900  1.9000  -0.9631
1901  1.9010  -0.9631
1902  1.9020  -0.9631
1903  1.9030  -0.9631
1904  1.9040  -0.9631
1905  1.9050  -0.9631
1906  1.9060  -0.9631
1907  1.9070  -0.9631
1908  1.9080  -0.9632
1909  1.9090  -0.9632
1910  1.9100  -0.9632
1911  1.9110  -0.9632
1912  1.9120  -0.9632
1913  1.9130  -0.9632
1914  1.9140  -0.9632
1915  1.9150  -0.9632
1916  1.9160  -0.9632
1917  1.9170  -0.9632
1918  1.9180  -0.9632
1919  1.9190  -0.9632
1920  1.9200  -0.9632
1921  1.9210  -0.9633
1922  1.9220  -0.9633
1923  1.9230  -0.9633
1924  1.9240  -0.9633
1925  1.9250  -0.9633
1926  1.9260  -0.9633
1927  1.9270  -0.9633
1928  1.9280  -0.9633
1929  1.9290  -0.9633
1930  1.9300  -0.9633
1931  1.9310  -0.9633
1932  1.9320  -0.9633
1933  1.9330  -0.9633
1934  1.9340  -0.9633
1935  1.9350  -0.9633
1936  1.9360  -0.9634
1937  1.9370  -0.9634
1938  1.9380  -0.9634
1939  1.9390  -0.9634
1940  1.9400  -0.9634
1941  1.9410  -0.9634
1942  1.9420  -0.9634
1943  1.9430  -0.9634
1944  1.9440  -0.9634
1945  1.9450  -0.9634
1946  1.9460  -0.9634
1947  1.9470  -0.9634
1948  1.9480  -0.9634
1949  1.9490  -0.9634
1950  1.9500  -0.9634
1951  1.9510  -0.9634
1952  1.9520  -0.9635
1953  1.9530  -0.9635
1954  1.9540  -0.9635
1955  1.9550  -0.9635
1956  1.9560  -0.9635
1957  1.9570  -0.9635
1958  1.9580  -0.9635
1959  1.9590  -0.9635
1960  1.9600  -0.9635
1961  1.9610  -0.9635
1962  1.9620  -0.9635
1963  1.9630  -0.9635
1964  1.9640  -0.9635
1965  1.9650  -0.9635
1966  1.9660  -0.9635
1967  1.9670  -0.9635
1968  1.9680  -0.9635
1969  1.9690  -0.9635
1970  1.9700  -0.9636
1971  1.9710  -0.9636
1972  1.9720  -0.9636
1973  1.9730  -0.9636
1974  1.9740  -0.9636
1975  1.9750  -0.9636
1976  1.9760  -0.9636
1977  1.9770  -0.9636
1978  1.9780  -0.9636
1979  1.9790  -0.9636
1980  1.9800  -0.9636
1981  1.9810  -0.9636
1982  1.9820  -0.9636
1983  1.9830  -0.9636
1984  1.9840  -0.9636
1985  1.9850  -0.9636
1986  1.9860  -0.9636
1987  1.9870  -0.9636
1988  1.9880  -0.9636
1989  1.9890  -0.9637
1990  1.9900  -0.9637
1991  1.9910  -0.9637
1992  1.9920  -0.9637
1993  1.9930  -0.9637
1994  1.9940  -0.9637
1995  1.9950  -0.9637
1996  1.9960  -0.9637
1997  1.9970  -0.9637
1998  1.9980  -0.9637
1999  1.9990  -0.9637
2000  2.0000  -0.9637
2001  2.0010  -0.9637
2002  2.0020  -0.9637
2003  2.0030  -0.9637
2004  2.0040  -0.9637
2005  2.0050  -0.9637
2006  2.0060  -0.9637
2007  2.0070  -0.9637
2008  2.0080  -0.9637
2009  2.0090  -0.9637
2010  2.0100  -0.9637
2011  2.0110  -0.9637
2012  2.0120  -0.9638
2013  2.0130  -0.9638
2014  2.0140  -0.9638
2015  2.0150  -0.9638
2016  2.0160  -0.9638
2017  2.0170  -0.9638
2018  2.0180  -0.9638
2019  2.0190  -0.9638
2020  2.0200  -0.9638
2021  2.0210  -0.9638
2022  2.0220  -0.9638
2023  2.0230  -0.9638
2024  2.0240  -0.9638
2025  2.0250  -0.9638
2026  2.0260  -0.9638
2027  2.0270  -0.9638
2028  2.0280  -0.9638
2029  2.0290  -0.9638
2030  2.0300  -0.9638
2031  2.0310  -0.9638
2032  2.0320  -0.9638
2033  2.0330  -0.9638
2034  2.0340  -0.9638
2035  2.0350  -0.9638
2036  2.0360  -0.9638
2037  2.0370  -0.9638
2038  2.0380  -0.9638
2039  2.0390  -0.9638
2040  2.0400  -0.9638
2041  2.0410  -0.9639
2042  2.0420  -0.9639
2043  2.0430  -0.9639
2044  2.0440  -0.9639
2045  2.0450  -0.9639
2046  2.0460  -0.9639
2047  2.0470  -0.9639
2048  2.0480  -0.9639
2049  2.0490  -0.9639
2050  2.0500  -0.9639
2051  2.0510  -0.9639
2052  2.0520  -0.9639
2053  2.0530  -0.9639
2054  2.0540  -0.9639
2055  2.0550  -0.9639
2056  2.0560  -0.9639
2057  2.0570  -0.9639
2058  2.0580  -0.9639
2059  2.0590  -0.9639
2060  2.0600  -0.9639
2061  2.0610  -0.9639
2062  2.0620  -0.9639
2063  2.0630  -0.9639
2064  2.0640  -0.9639
2065  2.0650  -0.9639
2066  2.0660  -0.9639
2067  2.0670  -0.9639
2068  2.0680  -0.9639
2069  2.0690  -0.9639
2070  2.0700  -0.9639
2071  2.0710  -0.9639
2072  2.0720  -0.9639
2073  2.0730  -0.9639
2074  2.0740  -0.9639
2075  2.0750  -0.9639
2076  2.0760  -0.9639
2077  2.0770  -0.9639
2078  2.0780  -0.9639
2079  2.0790  -0.9639
2080  2.0800  -0.9639
2081  2.0810  -0.9639
2082  2.0820  -0.9640
2083  2.0830  -0.9640
2084  2.0840  -0.9640
2085  2.0850  -0.9640
2086  2.0860  -0.9640
2087  2.0870  -0.9640
2088  2.0880  -0.9640
2089  2.0890  -0.9640
2090  2.0900  -0.9640
2091  2.0910  -0.9640
2092  2.0920  -0.9640
2093  2.0930  -0.9640
2094  2.0940  -0.9640
2095  2.0950  -0.9640
2096  2.0960  -0.9640
2097  2.0970  -0.9640
2098  2.0980  -0.9640
2099  2.0990  -0.9640
2100  2.1000  -0.9640
2101  2.1010  -0.9640
2102  2.1020  -0.9640
2103  2.1030  -0.9640
2104  2.1040  -0.9640
2105  2.1050  -0.9640
2106  2.1060  -0.9640
2107  2.1070  -0.9640
2108  2.1080  -0.9640
2109  2.1090  -0.9640
2110  2.1100  -0.9640
2111  2.1110  -0.9640
2112  2.1120  -0.9640
2113  2.1130  -0.9640
2114  2.1140  -0.9640
2115  2.1150  -0.9640
2116  2.1160  -0.9640
2117  2.1170  -0.9640
2118  2.1180  -0.9640
2119  2.1190  -0.9640
2120  2.1200  -0.9640
2121  2.1210  -0.9640
2122  2.1220  -0.9640
2123  2.1230  -0.9640
2124  2.1240  -0.9640
2125  2.1250  -0.9640
2126  2.1260  -0.9640
2127  2.1270  -0.9640
2128  2.1280  -0.9640
2129  2.1290  -0.9640
2130  2.1300  -0.9640
2131  2.1310  -0.9640
2132  2.1320  -0.9640
2133  2.1330  -0.9640
2134  2.1340  -0.9640
2135  2.1350  -0.9640
2136  2.1360  -0.9640
2137  2.1370  -0.9640
2138  2.1380  -0.9640
2139  2.1390  -0.9640
2140  2.1400  -0.9640
2141  2.1410  -0.9640
2142  2.1420  -0.9640
2143  2.1430  -0.9640
2144  2.1440  -0.9640
2145  2.1450  -0.9640
2146  2.1460  -0.9640
2147  2.1470  -0.9640
2148  2.1480  -0.9640
2149  2.1490  -0.9640
2150  2.1500  -0.9640
2151  2.1510  -0.9640
2152  2.1520  -0.9640
2153  2.1530  -0.9640
2154  2.1540  -0.9640
2155  2.1550  -0.9640
2156  2.1560  -0.9640
2157  2.1570  -0.9640
2158  2.1580  -0.9640
2159  2.1590  -0.9640
2160  2.1600  -0.9640
2161  2.1610  -0.9640
2162  2.1620  -0.9640
2163  2.1630  -0.9640
2164  2.1640  -0.9640
2165  2.1650  -0.9640
2166  2.1660  -0.9640
2167  2.1670  -0.9640
2168  2.1680  -0.9640
2169  2.1690  -0.9640
2170  2.1700  -0.9640
2171  2.1710  -0.9640
2172  2.1720  -0.9640
2173  2.1730  -0.9640
2174  2.1740  -0.9640
2175  2.1750  -0.9640
2176  2.1760  -0.9640
2177  2.1770  -0.9640
2178  2.1780  -0.9640
2179  2.1790  -0.9640
2180  2.1800  -0.9640
2181  2.1810  -0.9640
2182  2.1820  -0.9640
2183  2.1830  -0.9640
2184  2.1840  -0.9640
2185  2.1850  -0.9640
2186  2.1860  -0.9640
2187  2.1870  -0.9640
2188  2.1880  -0.9640
2189  2.1890  -0.9640
2190  2.1900  -0.9640
2191  2.1910  -0.9639
2192  2.1920  -0.9639
2193  2.1930  -0.9639
2194  2.1940  -0.9639
2195  2.1950  -0.9639
2196  2.1960  -0.9639
2197  2.1970  -0.9639
2198  2.1980  -0.9639
2199  2.1990  -0.9639
2200  2.2000  -0.9639
2201  2.2010  -0.9639
2202  2.2020  -0.9639
2203  2.2030  -0.9639
2204  2.2040  -0.9639
2205  2.2050  -0.9639
2206  2.2060  -0.9639
2207  2.2070  -0.9639
2208  2.2080  -0.9639
2209  2.2090  -0.9639
2210  2.2100  -0.9639
2211  2.2110  -0.9639
2212  2.2120  -0.9639
2213  2.2130  -0.9639
2214  2.2140  -0.9639
2215  2.2150  -0.9639
2216  2.2160  -0.9639
2217  2.2170  -0.9639
2218  2.2180  -0.9639
2219  2.2190  -0.9639
2220  2.2200  -0.9639
2221  2.2210  -0.9639
2222  2.2220  -0.9639
2223  2.2230  -0.9639
2224  2.2240  -0.9639
2225  2.2250  -0.9639
2226  2.2260  -0.9639
2227  2.2270  -0.9639
2228  2.2280  -0.9639
2229  2.2290  -0.9639
2230  2.2300  -0.9639
2231  2.2310  -0.9639
2232  2.2320  -0.9639
2233  2.2330  -0.9638
2234  2.2340  -0.9638
2235  2.2350  -0.9638
2236  2.2360  -0.9638
2237  2.2370  -0.9638
2238  2.2380  -0.9638
2239  2.2390  -0.9638
2240  2.2400  -0.9638
2241  2.2410  -0.9638
2242  2.2420  -0.9638
2243  2.2430  -0.9638
2244  2.2440  -0.9638
2245  2.2450  -0.9638
2246  2.2460  -0.9638
2247  2.2470  -0.9638
2248  2.2480  -0.9638
2249  2.2490  -0.9638
2250  2.2500  -0.9638
2251  2.2510  -0.9638
2252  2.2520  -0.9638
2253  2.2530  -0.9638
2254  2.2540  -0.9638
2255  2.2550  -0.9638
2256  2.2560  -0.9638
2257  2.2570  -0.9638
2258  2.2580  -0.9638
2259  2.2590  -0.9638
2260  2.2600  -0.9638
2261  2.2610  -0.9637
2262  2.2620  -0.9637
2263  2.2630  -0.9637
2264  2.2640  -0.9637
2265  2.2650  -0.9637
2266  2.2660  -0.9637
2267  2.2670  -0.9637
2268  2.2680  -0.9637
2269  2.2690  -0.9637
2270  2.2700  -0.9637
2271  2.2710  -0.9637
2272  2.2720  -0.9637
2273  2.2730  -0.9637
2274  2.2740  -0.9637
2275  2.2750  -0.9637
2276  2.2760  -0.9637
2277  2.2770  -0.9637
2278  2.2780  -0.9637
2279  2.2790  -0.9637
2280  2.2800  -0.9637
2281  2.2810  -0.9637
2282  2.2820  -0.9637
2283  2.2830  -0.9637
2284  2.2840  -0.9636
2285  2.2850  -0.9636
2286  2.2860  -0.9636
2287  2.2870  -0.9636
2288  2.2880  -0.9636
2289  2.2890  -0.9636
2290  2.2900  -0.9636
2291  2.2910  -0.9636
2292  2.2920  -0.9636
2293  2.2930  -0.9636
2294  2.2940  -0.9636
2295  2.2950  -0.9636
2296  2.2960  -0.9636
2297  2.2970  -0.9636
2298  2.2980  -0.9636
2299  2.2990  -0.9636
2300  2.3000  -0.9636
2301  2.3010  -0.9636
2302  2.3020  -0.9636
2303  2.3030  -0.9636
2304  2.3040  -0.9635
2305  2.3050  -0.9635
2306  2.3060  -0.9635
2307  2.3070  -0.9635
2308  2.3080  -0.9635
2309  2.3090  -0.9635
2310  2.3100  -0.9635
2311  2.3110  -0.9635
2312  2.3120  -0.9635
2313  2.3130  -0.9635
2314  2.3140  -0.9635
2315  2.3150  -0.9635
2316  2.3160  -0.9635
2317  2.3170  -0.9635
2318  2.3180  -0.9635
2319  2.3190  -0.9635
2320  2.3200  -0.9635
2321  2.3210  -0.9634
2322  2.3220  -0.9634
2323  2.3230  -0.9634
2324  2.3240  -0.9634
2325  2.3250  -0.9634
2326  2.3260  -0.9634
2327  2.3270  -0.9634
2328  2.3280  -0.9634
2329  2.3290  -0.9634
2330  2.3300  -0.9634
2331  2.3310  -0.9634
2332  2.3320  -0.9634
2333  2.3330  -0.9634
2334  2.3340  -0.9634
2335  2.3350  -0.9634
2336  2.3360  -0.9634
2337  2.3370  -0.9633
2338  2.3380  -0.9633
2339  2.3390  -0.9633
2340  2.3400  -0.9633
2341  2.3410  -0.9633
2342  2.3420  -0.9633
2343  2.3430  -0.9633
2344  2.3440  -0.9633
2345  2.3450  -0.9633
2346  2.3460  -0.9633
2347  2.3470  -0.9633
2348  2.3480  -0.9633
2349  2.3490  -0.9633
2350  2.3500  -0.9633
2351  2.3510  -0.9633
2352  2.3520  -0.9632
2353  2.3530  -0.9632
2354  2.3540  -0.9632
2355  2.3550  -0.9632
2356  2.3560  -0.9632
2357  2.3570  -0.9632
2358  2.3580  -0.9632
2359  2.3590  -0.9632
2360  2.3600  -0.9632
2361  2.3610  -0.9632
2362  2.3620  -0.9632
2363  2.3630  -0.9632
2364  2.3640  -0.9632
2365  2.3650  -0.9632
2366  2.3660  -0.9631
2367  2.3670  -0.9631
2368  2.3680  -0.9631
2369  2.3690  -0.9631
2370  2.3700  -0.9631
2371  2.3710  -0.9631
2372  2.3720  -0.9631
2373  2.3730  -0.9631
2374  2.3740  -0.9631
2375  2.3750  -0.9631
2376  2.3760  -0.9631
2377  2.3770  -0.9631
2378  2.3780  -0.9631
2379  2.3790  -0.9630
2380  2.3800  -0.9630
2381  2.3810  -0.9630
2382  2.3820  -0.9630
2383  2.3830  -0.9630
2384  2.3840  -0.9630
2385  2.3850  -0.9630
2386  2.3860  -0.9630
2387  2.3870  -0.9630
2388  2.3880  -0.9630
2389  2.3890  -0.9630
2390  2.3900  -0.9630
2391  2.3910  -0.9629
2392  2.3920  -0.9629
2393  2.3930  -0.9629
2394  2.3940  -0.9629
2395  2.3950  -0.9629
2396  2.3960  -0.9629
2397  2.3970  -0.9629
2398  2.3980  -0.9629
2399  2.3990  -0.9629
2400  2.4000  -0.9629
2401  2.4010  -0.9629
2402  2.4020  -0.9629
2403  2.4030  -0.9628
2404  2.4040  -0.9628
2405  2.4050  -0.9628
2406  2.4060  -0.9628
2407  2.4070  -0.9628
2408  2.4080  -0.9628
2409  2.4090  -0.9628
2410  2.4100  -0.9628
2411  2.4110  -0.9628
2412  2.4120  -0.9628
2413  2.4130  -0.9628
2414  2.4140  -0.9627
2415  2.4150  -0.9627
2416  2.4160  -0.9627
2417  2.4170  -0.9627
2418  2.4180  -0.9627
2419  2.4190  -0.9627
2420  2.4200  -0.9627
2421  2.4210  -0.9627
2422  2.4220  -0.9627
2423  2.4230  -0.9627
2424  2.4240  -0.9626
2425  2.4250  -0.9626
2426  2.4260  -0.9626
2427  2.4270  -0.9626
2428  2.4280  -0.9626
2429  2.4290  -0.9626
2430  2.4300  -0.9626
2431  2.4310  -0.9626
2432  2.4320  -0.9626
2433  2.4330  -0.9626
2434  2.4340  -0.9626
2435  2.4350  -0.9625
2436  2.4360  -0.9625
2437  2.4370  -0.9625
2438  2.4380  -0.9625
2439  2.4390  -0.9625
2440  2.4400  -0.9625
2441  2.4410  -0.9625
2442  2.4420  -0.9625
2443  2.4430  -0.9625
2444  2.4440  -0.9624
2445  2.4450  -0.9624
2446  2.4460  -0.9624
2447  2.4470  -0.9624
2448  2.4480  -0.9624
2449  2.4490  -0.9624
2450  2.4500  -0.9624
2451  2.4510  -0.9624
2452  2.4520  -0.9624
2453  2.4530  -0.9624
2454  2.4540  -0.9623
2455  2.4550  -0.9623
2456  2.4560  -0.9623
2457  2.4570  -0.9623
2458  2.4580  -0.9623
2459  2.4590  -0.9623
2460  2.4600  -0.9623
2461  2.4610  -0.9623
2462  2.4620  -0.9623
2463  2.4630  -0.9622
2464  2.4640  -0.9622
2465  2.4650  -0.9622
2466  2.4660  -0.9622
2467  2.4670  -0.9622
2468  2.4680  -0.9622
2469  2.4690  -0.9622
2470  2.4700  -0.9622
2471  2.4710  -0.9622
2472  2.4720  -0.9621
2473  2.4730  -0.9621
2474  2.4740  -0.9621
2475  2.4750  -0.9621
2476  2.4760  -0.9621
2477  2.4770  -0.9621
2478  2.4780  -0.9621
2479  2.4790  -0.9621
2480  2.4800  -0.9621
2481  2.4810  -0.9620
2482  2.4820  -0.9620
2483  2.4830  -0.9620
2484  2.4840  -0.9620
2485  2.4850  -0.9620
2486  2.4860  -0.9620
2487  2.4870  -0.9620
2488  2.4880  -0.9620
2489  2.4890  -0.9619
2490  2.4900  -0.9619
2491  2.4910  -0.9619
2492  2.4920  -0.9619
2493  2.4930  -0.9619
2494  2.4940  -0.9619
2495  2.4950  -0.9619
2496  2.4960  -0.9619
2497  2.4970  -0.9619
2498  2.4980  -0.9618
2499  2.4990  -0.9618
2500  2.5000  -0.9618
2501  2.5010  -0.9618
2502  2.5020  -0.9618
2503  2.5030  -0.9618
2504  2.5040  -0.9618
2505  2.5050  -0.9618
2506  2.5060  -0.9617
2507  2.5070  -0.9617
2508  2.5080  -0.9617
2509  2.5090  -0.9617
2510  2.5100  -0.9617
2511  2.5110  -0.9617
2512  2.5120  -0.9617
2513  2.5130  -0.9617
2514  2.5140  -0.9616
2515  2.5150  -0.9616
2516  2.5160  -0.9616
2517  2.5170  -0.9616
2518  2.5180  -0.9616
2519  2.5190  -0.9616
2520  2.5200  -0.9616
2521  2.5210  -0.9615
2522  2.5220  -0.9615
2523  2.5230  -0.9615
2524  2.5240  -0.9615
2525  2.5250  -0.9615
2526  2.5260  -0.9615
2527  2.5270  -0.9615
2528  2.5280  -0.9615
2529  2.5290  -0.9614
2530  2.5300  -0.9614
2531  2.5310  -0.9614
2532  2.5320  -0.9614
2533  2.5330  -0.9614
2534  2.5340  -0.9614
2535  2.5350  -0.9614
2536  2.5360  -0.9613
2537  2.5370  -0.9613
2538  2.5380  -0.9613
2539  2.5390  -0.9613
2540  2.5400  -0.9613
2541  2.5410  -0.9613
2542  2.5420  -0.9613
2543  2.5430  -0.9612
2544  2.5440  -0.9612
2545  2.5450  -0.9612
2546  2.5460  -0.9612
2547  2.5470  -0.9612
2548  2.5480  -0.9612
2549  2.5490  -0.9612
2550  2.5500  -0.9611
2551  2.5510  -0.9611
2552  2.5520  -0.9611
2553  2.5530  -0.9611
2554  2.5540  -0.9611
2555  2.5550  -0.9611
2556  2.5560  -0.9611
2557  2.5570  -0.9610
2558  2.5580  -0.9610
2559  2.5590  -0.9610
2560  2.5600  -0.9610
2561  2.5610  -0.9610
2562  2.5620  -0.9610
2563  2.5630  -0.9610
2564  2.5640  -0.9609
2565  2.5650  -0.9609
2566  2.5660  -0.9609
2567  2.5670  -0.9609
2568  2.5680  -0.9609
2569  2.5690  -0.9609
2570  2.5700  -0.9609
2571  2.5710  -0.9608
2572  2.5720  -0.9608
2573  2.5730  -0.9608
2574  2.5740  -0.9608
2575  2.5750  -0.9608
2576  2.5760  -0.9608
2577  2.5770  -0.9607
2578  2.5780  -0.9607
2579  2.5790  -0.9607
2580  2.5800  -0.9607
2581  2.5810  -0.9607
2582  2.5820  -0.9607
2583  2.5830  -0.9606
2584  2.5840  -0.9606
2585  2.5850  -0.9606
2586  2.5860  -0.9606
2587  2.5870  -0.9606
2588  2.5880  -0.9606
2589  2.5890  -0.9606
2590  2.5900  -0.9605
2591  2.5910  -0.9605
2592  2.5920  -0.9605
2593  2.5930  -0.9605
2594  2.5940  -0.9605
2595  2.5950  -0.9605
2596  2.5960  -0.9604
2597  2.5970  -0.9604
2598  2.5980  -0.9604
2599  2.5990  -0.9604
2600  2.6000  -0.9604
2601  2.6010  -0.9604
2602  2.6020  -0.9603
2603  2.6030  -0.9603
2604  2.6040  -0.9603
2605  2.6050  -0.9603
2606  2.6060  -0.9603
2607  2.6070  -0.9603
2608  2.6080  -0.9602
2609  2.6090  -0.9602
2610  2.6100  -0.9602
2611  2.6110  -0.9602
2612  2.6120  -0.9602
2613  2.6130  -0.9602
2614  2.6140  -0.9601
2615  2.6150  -0.9601
2616  2.6160  -0.9601
2617  2.6170  -0.9601
2618  2.6180  -0.9601
2619  2.6190  -0.9601
2620  2.6200  -0.9600
2621  2.6210  -0.9600
2622  2.6220  -0.9600
2623  2.6230  -0.9600
2624  2.6240  -0.9600
2625  2.6250  -0.9599
2626  2.6260  -0.9599
2627  2.6270  -0.9599
2628  2.6280  -0.9599
2629  2.6290  -0.9599
2630  2.6300  -0.9599
2631  2.6310  -0.9598
2632  2.6320  -0.9598
2633  2.6330  -0.9598
2634  2.6340  -0.9598
2635  2.6350  -0.9598
2636  2.6360  -0.9598
2637  2.6370  -0.9597
2638  2.6380  -0.9597
2639  2.6390  -0.9597
2640  2.6400  -0.9597
2641  2.6410  -0.9597
2642  2.6420  -0.9596
2643  2.6430  -0.9596
2644  2.6440  -0.9596
2645  2.6450  -0.9596
2646  2.6460  -0.9596
2647  2.6470  -0.9596
2648  2.6480  -0.9595
2649  2.6490  -0.9595
2650  2.6500  -0.9595
2651  2.6510  -0.9595
2652  2.6520  -0.9595
2653  2.6530  -0.9594
2654  2.6540  -0.9594
2655  2.6550  -0.9594
2656  2.6560  -0.9594
2657  2.6570  -0.9594
2658  2.6580  -0.9593
2659  2.6590  -0.9593
2660  2.6600  -0.9593
2661  2.6610  -0.9593
2662  2.6620  -0.9593
2663  2.6630  -0.9592
2664  2.6640  -0.9592
2665  2.6650  -0.9592
2666  2.6660  -0.9592
2667  2.6670  -0.9592
2668  2.6680  -0.9592
2669  2.6690  -0.9591
2670  2.6700  -0.9591
2671  2.6710  -0.9591
2672  2.6720  -0.9591
2673  2.6730  -0.9591
2674  2.6740  -0.9590
2675  2.6750  -0.9590
2676  2.6760  -0.9590
2677  2.6770  -0.9590
2678  2.6780  -0.9590
2679  2.6790  -0.9589
2680  2.6800  -0.9589
2681  2.6810  -0.9589
2682  2.6820  -0.9589
2683  2.6830  -0.9589
2684  2.6840  -0.9588
2685  2.6850  -0.9588
2686  2.6860  -0.9588
2687  2.6870  -0.9588
2688  2.6880  -0.9587
2689  2.6890  -0.9587
2690  2.6900  -0.9587
2691  2.6910  -0.9587
2692  2.6920  -0.9587
2693  2.6930  -0.9586
2694  2.6940  -0.9586
2695  2.6950  -0.9586
2696  2.6960  -0.9586
2697  2.6970  -0.9586
2698  2.6980  -0.9585
2699  2.6990  -0.9585
2700  2.7000  -0.9585
2701  2.7010  -0.9585
2702  2.7020  -0.9585
2703  2.7030  -0.9584
2704  2.7040  -0.9584
2705  2.7050  -0.9584
2706  2.7060  -0.9584
2707  2.7070  -0.9584
2708  2.7080  -0.9583
2709  2.7090  -0.9583
2710  2.7100  -0.9583
2711  2.7110  -0.9583
2712  2.7120  -0.9582
2713  2.7130  -0.9582
2714  2.7140  -0.9582
2715  2.7150  -0.9582
2716  2.7160  -0.9582
2717  2.7170  -0.9581
2718  2.7180  -0.9581
2719  2.7190  -0.9581
2720  2.7200  -0.9581
2721  2.7210  -0.9580
2722  2.7220  -0.9580
2723  2.7230  -0.9580
2724  2.7240  -0.9580
2725  2.7250  -0.9580
2726  2.7260  -0.9579
2727  2.7270  -0.9579
2728  2.7280  -0.9579
2729  2.7290  -0.9579
2730  2.7300  -0.9578
2731  2.7310  -0.9578
2732  2.7320  -0.9578
2733  2.7330  -0.9578
2734  2.7340  -0.9578
2735  2.7350  -0.9577
2736  2.7360  -0.9577
2737  2.7370  -0.9577
2738  2.7380  -0.9577
2739  2.7390  -0.9576
2740  2.7400  -0.9576
2741  2.7410  -0.9576
2742  2.7420  -0.9576
2743  2.7430  -0.9575
2744  2.7440  -0.9575
2745  2.7450  -0.9575
2746  2.7460  -0.9575
2747  2.7470  -0.9575
2748  2.7480  -0.9574
2749  2.7490  -0.9574
2750  2.7500  -0.9574
2751  2.7510  -0.9574
2752  2.7520  -0.9573
2753  2.7530  -0.9573
2754  2.7540  -0.9573
2755  2.7550  -0.9573
2756  2.7560  -0.9572
2757  2.7570  -0.9572
2758  2.7580  -0.9572
2759  2.7590  -0.9572
2760  2.7600  -0.9571
2761  2.7610  -0.9571
2762  2.7620  -0.9571
2763  2.7630  -0.9571
2764  2.7640  -0.9570
2765  2.7650  -0.9570
2766  2.7660  -0.9570
2767  2.7670  -0.9570
2768  2.7680  -0.9569
2769  2.7690  -0.9569
2770  2.7700  -0.9569
2771  2.7710  -0.9569
2772  2.7720  -0.9568
2773  2.7730  -0.9568
2774  2.7740  -0.9568
2775  2.7750  -0.9568
2776  2.7760  -0.9567
2777  2.7770  -0.9567
2778  2.7780  -0.9567
2779  2.7790  -0.9567
2780  2.7800  -0.9566
2781  2.7810  -0.9566
2782  2.7820  -0.9566
2783  2.7830  -0.9566
2784  2.7840  -0.9565
2785  2.7850  -0.9565
2786  2.7860  -0.9565
2787  2.7870  -0.9565
2788  2.7880  -0.9564
2789  2.7890  -0.9564
2790  2.7900  -0.9564
2791  2.7910  -0.9564
2792  2.7920  -0.9563
2793  2.7930  -0.9563
2794  2.7940  -0.9563
2795  2.7950  -0.9563
2796  2.7960  -0.9562
2797  2.7970  -0.9562
2798  2.7980  -0.9562
2799  2.7990  -0.9562
2800  2.8000  -0.9561
2801  2.8010  -0.9561
2802  2.8020  -0.9561
2803  2.8030  -0.9560
2804  2.8040  -0.9560
2805  2.8050  -0.9560
2806  2.8060  -0.9560
2807  2.8070  -0.9559
2808  2.8080  -0.9559
2809  2.8090  -0.9559
2810  2.8100  -0.9559
2811  2.8110  -0.9558
2812  2.8120  -0.9558
2813  2.8130  -0.9558
2814  2.8140  -0.9557
2815  2.8150  -0.9557
2816  2.8160  -0.9557
2817  2.8170  -0.9557
2818  2.8180  -0.9556
2819  2.8190  -0.9556
2820  2.8200  -0.9556
2821  2.8210  -0.9556
2822  2.8220  -0.9555
2823  2.8230  -0.9555
2824  2.8240  -0.9555
2825  2.8250  -0.9554
2826  2.8260  -0.9554
2827  2.8270  -0.9554
2828  2.8280  -0.9554
2829  2.8290  -0.9553
2830  2.8300  -0.9553
2831  2.8310  -0.9553
2832  2.8320  -0.9552
2833  2.8330  -0.9552
2834  2.8340  -0.9552
2835  2.8350  -0.9552
2836  2.8360  -0.9551
2837  2.8370  -0.9551
2838  2.8380  -0.9551
2839  2.8390  -0.9550
2840  2.8400  -0.9550
2841  2.8410  -0.9550
2842  2.8420  -0.9550
2843  2.8430  -0.9549
2844  2.8440  -0.9549
2845  2.8450  -0.9549
2846  2.8460  -0.9548
2847  2.8470  -0.9548
2848  2.8480  -0.9548
2849  2.8490  -0.9548
2850  2.8500  -0.9547
2851  2.8510  -0.9547
2852  2.8520  -0.9547
2853  2.8530  -0.9546
2854  2.8540  -0.9546
2855  2.8550  -0.9546
2856  2.8560  -0.9545
2857  2.8570  -0.9545
2858  2.8580  -0.9545
2859  2.8590  -0.9545
2860  2.8600  -0.9544
2861  2.8610  -0.9544
2862  2.8620  -0.9544
2863  2.8630  -0.9543
2864  2.8640  -0.9543
2865  2.8650  -0.9543
2866  2.8660  -0.9542
2867  2.8670  -0.9542
2868  2.8680  -0.9542
2869  2.8690  -0.9541
2870  2.8700  -0.9541
2871  2.8710  -0.9541
2872  2.8720  -0.9541
2873  2.8730  -0.9540
2874  2.8740  -0.9540
2875  2.8750  -0.9540
2876  2.8760  -0.9539
2877  2.8770  -0.9539
2878  2.8780  -0.9539
2879  2.8790  -0.9538
2880  2.8800  -0.9538
2881  2.8810  -0.9538
2882  2.8820  -0.9537
2883  2.8830  -0.9537
2884  2.8840  -0.9537
2885  2.8850  -0.9536
2886  2.8860  -0.9536
2887  2.8870  -0.9536
2888  2.8880  -0.9536
2889  2.8890  -0.9535
2890  2.8900  -0.9535
2891  2.8910  -0.9535
2892  2.8920  -0.9534
2893  2.8930  -0.9534
2894  2.8940  -0.9534
2895  2.8950  -0.9533
2896  2.8960  -0.9533
2897  2.8970  -0.9533
2898  2.8980  -0.9532
2899  2.8990  -0.9532
2900  2.9000  -0.9532
2901  2.9010  -0.9531
2902  2.9020  -0.9531
2903  2.9030  -0.9531
2904  2.9040  -0.9530
2905  2.9050  -0.9530
2906  2.9060  -0.9530
2907  2.9070  -0.9529
2908  2.9080  -0.9529
2909  2.9090  -0.9529
2910  2.9100  -0.9528
2911  2.9110  -0.9528
2912  2.9120  -0.9528
2913  2.9130  -0.9527
2914  2.9140  -0.9527
2915  2.9150  -0.9527
2916  2.9160  -0.9526
2917  2.9170  -0.9526
2918  2.9180  -0.9526
2919  2.9190  -0.9525
2920  2.9200  -0.9525
2921  2.9210  -0.9525
2922  2.9220  -0.9524
2923  2.9230  -0.9524
2924  2.9240  -0.9524
2925  2.9250  -0.9523
2926  2.9260  -0.9523
2927  2.9270  -0.9522
2928  2.9280  -0.9522
2929  2.9290  -0.9522
2930  2.9300  -0.9521
2931  2.9310  -0.9521
2932  2.9320  -0.9521
2933  2.9330  -0.9520
2934  2.9340  -0.9520
2935  2.9350  -0.9520
2936  2.9360  -0.9519
2937  2.9370  -0.9519
2938  2.9380  -0.9519
2939  2.9390  -0.9518
2940  2.9400  -0.9518
2941  2.9410  -0.9518
2942  2.9420  -0.9517
2943  2.9430  -0.9517
2944  2.9440  -0.9516
2945  2.9450  -0.9516
2946  2.9460  -0.9516
2947  2.9470  -0.9515
2948  2.9480  -0.9515
2949  2.9490  -0.9515
2950  2.9500  -0.9514
2951  2.9510  -0.9514
2952  2.9520  -0.9514
2953  2.9530  -0.9513
2954  2.9540  -0.9513
2955  2.9550  -0.9512
2956  2.9560  -0.9512
2957  2.9570  -0.9512
2958  2.9580  -0.9511
2959  2.9590  -0.9511
2960  2.9600  -0.9511
2961  2.9610  -0.9510
2962  2.9620  -0.9510
2963  2.9630  -0.9509
2964  2.9640  -0.9509
2965  2.9650  -0.9509
2966  2.9660  -0.9508
2967  2.9670  -0.9508
2968  2.9680  -0.9508
2969  2.9690  -0.9507
2970  2.9700  -0.9507
2971  2.9710  -0.9506
2972  2.9720  -0.9506
2973  2.9730  -0.9506
2974  2.9740  -0.9505
2975  2.9750  -0.9505
2976  2.9760  -0.9504
2977  2.9770  -0.9504
2978  2.9780  -0.9504
2979  2.9790  -0.9503
2980  2.9800  -0.9503
2981  2.9810  -0.9503
2982  2.9820  -0.9502
2983  2.9830  -0.9502
2984  2.9840  -0.9501
2985  2.9850  -0.9501
2986  2.9860  -0.9501
2987  2.9870  -0.9500
2988  2.9880  -0.9500
2989  2.9890  -0.9499
2990  2.9900  -0.9499
2991  2.9910  -0.9499
2992  2.9920  -0.9498
2993  2.9930  -0.9498
2994  2.9940  -0.9497
2995  2.9950  -0.9497
2996  2.9960  -0.9497
2997  2.9970  -0.9496
2998  2.9980  -0.9496
2999  2.9990  -0.9495
3000  3.0000  -0.9495
3001  3.0010  -0.9495
3002  3.0020  -0.9494
3003  3.0030  -0.9494
3004  3.0040  -0.9493
3005  3.0050  -0.9493
3006  3.0060  -0.9492
3007  3.0070  -0.9492
3008  3.0080  -0.9492
3009  3.0090  -0.9491
3010  3.0100  -0.9491
3011  3.0110  -0.9490
3012  3.0120  -0.9490
3013  3.0130  -0.9490
3014  3.0140  -0.9489
3015  3.0150  -0.9489
3016  3.0160  -0.9488
3017  3.0170  -0.9488
3018  3.0180  -0.9487
3019  3.0190  -0.9487
3020  3.0200  -0.9487
3021  3.0210  -0.9486
3022  3.0220  -0.9486
3023  3.0230  -0.9485
3024  3.0240  -0.9485
3025  3.0250  -0.9484
3026  3.0260  -0.9484
3027  3.0270  -0.9484
3028  3.0280  -0.9483
3029  3.0290  -0.9483
3030  3.0300  -0.9482
3031  3.0310  -0.9482
3032  3.0320  -0.9481
3033  3.0330  -0.9481
3034  3.0340  -0.9481
3035  3.0350  -0.9480
3036  3.0360  -0.9480
3037  3.0370  -0.9479
3038  3.0380  -0.9479
3039  3.0390  -0.9478
3040  3.0400  -0.9478
3041  3.0410  -0.9478
3042  3.0420  -0.9477
3043  3.0430  -0.9477
3044  3.0440  -0.9476
3045  3.0450  -0.9476
3046  3.0460  -0.9475
3047  3.0470  -0.9475
3048  3.0480  -0.9474
3049  3.0490  -0.9474
3050  3.0500  -0.9473
3051  3.0510  -0.9473
3052  3.0520  -0.9473
3053  3.0530  -0.9472
3054  3.0540  -0.9472
3055  3.0550  -0.9471
3056  3.0560  -0.9471
3057  3.0570  -0.9470
3058  3.0580  -0.9470
3059  3.0590  -0.9469
3060  3.0600  -0.9469
3061  3.0610  -0.9468
3062  3.0620  -0.9468
3063  3.0630  -0.9468
3064  3.0640  -0.9467
3065  3.0650  -0.9467
3066  3.0660  -0.9466
3067  3.0670  -0.9466
3068  3.0680  -0.9465
3069  3.0690  -0.9465
3070  3.0700  -0.9464
3071  3.0710  -0.9464
3072  3.0720  -0.9463
3073  3.0730  -0.9463
3074  3.0740  -0.9462
3075  3.0750  -0.9462
3076  3.0760  -0.9461
3077  3.0770  -0.9461
3078  3.0780  -0.9460
3079  3.0790  -0.9460
3080  3.0800  -0.9459
3081  3.0810  -0.9459
3082  3.0820  -0.9459
3083  3.0830  -0.9458
3084  3.0840  -0.9458
3085  3.0850  -0.9457
3086  3.0860  -0.9457
3087  3.0870  -0.9456
3088  3.0880  -0.9456
3089  3.0890  -0.9455
3090  3.0900  -0.9455
3091  3.0910  -0.9454
3092  3.0920  -0.9454
3093  3.0930  -0.9453
3094  3.0940  -0.9453
3095  3.0950  -0.9452
3096  3.0960  -0.9452
3097  3.0970  -0.9451
3098  3.0980  -0.9451
3099  3.0990  -0.9450
3100  3.1000  -0.9450
3101  3.1010  -0.9449
3102  3.1020  -0.9449
3103  3.1030  -0.9448
3104  3.1040  -0.9448
3105  3.1050  -0.9447
3106  3.1060  -0.9447
3107  3.1070  -0.9446
3108  3.1080  -0.9446
3109  3.1090  -0.9445
3110  3.1100  -0.9445
3111  3.1110  -0.9444
3112  3.1120  -0.9444
3113  3.1130  -0.9443
3114  3.1140  -0.9442
3115  3.1150  -0.9442
3116  3.1160  -0.9441
3117  3.1170  -0.9441
3118  3.1180  -0.9440
3119  3.1190  -0.9440
3120  3.1200  -0.9439
3121  3.1210  -0.9439
3122  3.1220  -0.9438
3123  3.1230  -0.9438
3124  3.1240  -0.9437
3125  3.1250  -0.9437
3126  3.1260  -0.9436
3127  3.1270  -0.9436
3128  3.1280  -0.9435
3129  3.1290  -0.9435
3130  3.1300  -0.9434
3131  3.1310  -0.9434
3132  3.1320  -0.9433
3133  3.1330  -0.9432
3134  3.1340  -0.9432
3135  3.1350  -0.9431
3136  3.1360  -0.9431
3137  3.1370  -0.9430
3138  3.1380  -0.9430
3139  3.1390  -0.9429
3140  3.1400  -0.9429
3141  3.1410  -0.9428
3142  3.1420  -0.9428
3143  3.1430  -0.9427
3144  3.1440  -0.9426
3145  3.1450  -0.9426
3146  3.1460  -0.9425
3147  3.1470  -0.9425
3148  3.1480  -0.9424
3149  3.1490  -0.9424
3150  3.1500  -0.9423
3151  3.1510  -0.9423
3152  3.1520  -0.9422
3153  3.1530  -0.9421
3154  3.1540  -0.9421
3155  3.1550  -0.9420
3156  3.1560  -0.9420
3157  3.1570  -0.9419
3158  3.1580  -0.9419
3159  3.1590  -0.9418
3160  3.1600  -0.9417
3161  3.1610  -0.9417
3162  3.1620  -0.9416
3163  3.1630  -0.9416
3164  3.1640  -0.9415
3165  3.1650  -0.9415
3166  3.1660  -0.9414
3167  3.1670  -0.9413
3168  3.1680  -0.9413
3169  3.1690  -0.9412
3170  3.1700  -0.9412
3171  3.1710  -0.9411
3172  3.1720  -0.9410
3173  3.1730  -0.9410
3174  3.1740  -0.9409
3175  3.1750  -0.9409
3176  3.1760  -0.9408
3177  3.1770  -0.9408
3178  3.1780  -0.9407
3179  3.1790  -0.9406
3180  3.1800  -0.9406
3181  3.1810  -0.9405
3182  3.1820  -0.9405
3183  3.1830  -0.9404
3184  3.1840  -0.9403
3185  3.1850  -0.9403
3186  3.1860  -0.9402
3187  3.1870  -0.9402
3188  3.1880  -0.9401
3189  3.1890  -0.9400
3190  3.1900  -0.9400
3191  3.1910  -0.9399
3192  3.1920  -0.9398
3193  3.1930  -0.9398
3194  3.1940  -0.9397
3195  3.1950  -0.9397
3196  3.1960  -0.9396
3197  3.1970  -0.9395
3198  3.1980  -0.9395
3199  3.1990  -0.9394
3200  3.2000  -0.9394
3201  3.2010  -0.9393
3202  3.2020  -0.9392
3203  3.2030  -0.9392
3204  3.2040  -0.9391
3205  3.2050  -0.9390
3206  3.2060  -0.9390
3207  3.2070  -0.9389
3208  3.2080  -0.9388
3209  3.2090  -0.9388
3210  3.2100  -0.9387
3211  3.2110  -0.9387
3212  3.2120  -0.9386
3213  3.2130  -0.9385
3214  3.2140  -0.9385
3215  3.2150  -0.9384
3216  3.2160  -0.9383
3217  3.2170  -0.9383
3218  3.2180  -0.9382
3219  3.2190  -0.9381
3220  3.2200  -0.9381
3221  3.2210  -0.9380
3222  3.2220  -0.9379
3223  3.2230  -0.9379
3224  3.2240  -0.9378
3225  3.2250  -0.9377
3226  3.2260  -0.9377
3227  3.2270  -0.9376
3228  3.2280  -0.9375
3229  3.2290  -0.9375
3230  3.2300  -0.9374
3231  3.2310  -0.9373
3232  3.2320  -0.9373
3233  3.2330  -0.9372
3234  3.2340  -0.9371
3235  3.2350  -0.9371
3236  3.2360  -0.9370
3237  3.2370  -0.9369
3238  3.2380  -0.9369
3239  3.2390  -0.9368
3240  3.2400  -0.9367
3241  3.2410  -0.9367
3242  3.2420  -0.9366
3243  3.2430  -0.9365
3244  3.2440  -0.9365
3245  3.2450  -0.9364
3246  3.2460  -0.9363
3247  3.2470  -0.9363
3248  3.2480  -0.9362
3249  3.2490  -0.9361
3250  3.2500  -0.9360
3251  3.2510  -0.9360
3252  3.2520  -0.9359
3253  3.2530  -0.9358
3254  3.2540  -0.9358
3255  3.2550  -0.9357
3256  3.2560  -0.9356
3257  3.2570  -0.9356
3258  3.2580  -0.9355
3259  3.2590  -0.9354
3260  3.2600  -0.9353
3261  3.2610  -0.9353
3262  3.2620  -0.9352
3263  3.2630  -0.9351
3264  3.2640  -0.9351
3265  3.2650  -0.9350
3266  3.2660  -0.9349
3267  3.2670  -0.9348
3268  3.2680  -0.9348
3269  3.2690  -0.9347
3270  3.2700  -0.9346
3271  3.2710  -0.9345
3272  3.2720  -0.9345
3273  3.2730  -0.9344
3274  3.2740  -0.9343
3275  3.2750  -0.9343
3276  3.2760  -0.9342
3277  3.2770  -0.9341
3278  3.2780  -0.9340
3279  3.2790  -0.9340
3280  3.2800  -0.9339
3281  3.2810  -0.9338
3282  3.2820  -0.9337
3283  3.2830  -0.9337
3284  3.2840  -0.9336
3285  3.2850  -0.9335
3286  3.2860  -0.9334
3287  3.2870  -0.9334
3288  3.2880  -0.9333
3289  3.2890  -0.9332
3290  3.2900  -0.9331
3291  3.2910  -0.9331
3292  3.2920  -0.9330
3293  3.2930  -0.9329
3294  3.2940  -0.9328
3295  3.2950  -0.9327
3296  3.2960  -0.9327
3297  3.2970  -0.9326
3298  3.2980  -0.9325
3299  3.2990  -0.9324
3300  3.3000  -0.9324
3301  3.3010  -0.9323
3302  3.3020  -0.9322
3303  3.3030  -0.9321
3304  3.3040  -0.9320
3305  3.3050  -0.9320
3306  3.3060  -0.9319
3307  3.3070  -0.9318
3308  3.3080  -0.9317
3309  3.3090  -0.9316
3310  3.3100  -0.9316
3311  3.3110  -0.9315
3312  3.3120  -0.9314
3313  3.3130  -0.9313
3314  3.3140  -0.9312
3315  3.3150  -0.9312
3316  3.3160  -0.9311
3317  3.3170  -0.9310
3318  3.3180  -0.9309
3319  3.3190  -0.9308
3320  3.3200  -0.9308
3321  3.3210  -0.9307
3322  3.3220  -0.9306
3323  3.3230  -0.9305
3324  3.3240  -0.9304
3325  3.3250  -0.9303
3326  3.3260  -0.9303
3327  3.3270  -0.9302
3328  3.3280  -0.9301
3329  3.3290  -0.9300
3330  3.3300  -0.9299
3331  3.3310  -0.9298
3332  3.3320  -0.9298
3333  3.3330  -0.9297
3334  3.3340  -0.9296
3335  3.3350  -0.9295
3336  3.3360  -0.9294
3337  3.3370  -0.9293
3338  3.3380  -0.9293
3339  3.3390  -0.9292
3340  3.3400  -0.9291
3341  3.3410  -0.9290
3342  3.3420  -0.9289
3343  3.3430  -0.9288
3344  3.3440  -0.9287
3345  3.3450  -0.9287
3346  3.3460  -0.9286
3347  3.3470  -0.9285
3348  3.3480  -0.9284
3349  3.3490  -0.9283
3350  3.3500  -0.9282
3351  3.3510  -0.9281
3352  3.3520  -0.9280
3353  3.3530  -0.9280
3354  3.3540  -0.9279
3355  3.3550  -0.9278
3356  3.3560  -0.9277
3357  3.3570  -0.9276
3358  3.3580  -0.9275
3359  3.3590  -0.9274
3360  3.3600  -0.9273
3361  3.3610  -0.9272
3362  3.3620  -0.9271
3363  3.3630  -0.9271
3364  3.3640  -0.9270
3365  3.3650  -0.9269
3366  3.3660  -0.9268
3367  3.3670  -0.9267
3368  3.3680  -0.9266
3369  3.3690  -0.9265
3370  3.3700  -0.9264
3371  3.3710  -0.9263
3372  3.3720  -0.9262
3373  3.3730  -0.9261
3374  3.3740  -0.9261
3375  3.3750  -0.9260
3376  3.3760  -0.9259
3377  3.3770  -0.9258
3378  3.3780  -0.9257
3379  3.3790  -0.9256
3380  3.3800  -0.9255
3381  3.3810  -0.9254
3382  3.3820  -0.9253
3383  3.3830  -0.9252
3384  3.3840  -0.9251
3385  3.3850  -0.9250
3386  3.3860  -0.9249
3387  3.3870  -0.9248
3388  3.3880  -0.9247
3389  3.3890  -0.9246
3390  3.3900  -0.9245
3391  3.3910  -0.9244
3392  3.3920  -0.9243
3393  3.3930  -0.9242
3394  3.3940  -0.9241
3395  3.3950  -0.9241
3396  3.3960  -0.9240
3397  3.3970  -0.9239
3398  3.3980  -0.9238
3399  3.3990  -0.9237
3400  3.4000  -0.9236
3401  3.4010  -0.9235
3402  3.4020  -0.9234
3403  3.4030  -0.9233
3404  3.4040  -0.9232
3405  3.4050  -0.9231
3406  3.4060  -0.9230
3407  3.4070  -0.9229
3408  3.4080  -0.9228
3409  3.4090  -0.9227
3410  3.4100  -0.9226
3411  3.4110  -0.9225
3412  3.4120  -0.9224
3413  3.4130  -0.9223
3414  3.4140  -0.9222
3415  3.4150  -0.9221
3416  3.4160  -0.9219
3417  3.4170  -0.9218
3418  3.4180  -0.9217
3419  3.4190  -0.9216
3420  3.4200  -0.9215
3421  3.4210  -0.9214
3422  3.4220  -0.9213
3423  3.4230  -0.9212
3424  3.4240  -0.9211
3425  3.4250  -0.9210
3426  3.4260  -0.9209
3427  3.4270  -0.9208
3428  3.4280  -0.9207
3429  3.4290  -0.9206
3430  3.4300  -0.9205
3431  3.4310  -0.9204
3432  3.4320  -0.9203
3433  3.4330  -0.9202
3434  3.4340  -0.9201
3435  3.4350  -0.9200
3436  3.4360  -0.9198
3437  3.4370  -0.9197
3438  3.4380  -0.9196
3439  3.4390  -0.9195
3440  3.4400  -0.9194
3441  3.4410  -0.9193
3442  3.4420  -0.9192
3443  3.4430  -0.9191
3444  3.4440  -0.9190
3445  3.4450  -0.9189
3446  3.4460  -0.9188
3447  3.4470  -0.9186
3448  3.4480  -0.9185
3449  3.4490  -0.9184
3450  3.4500  -0.9183
3451  3.4510  -0.9182
3452  3.4520  -0.9181
3453  3.4530  -0.9180
3454  3.4540  -0.9179
3455  3.4550  -0.9177
3456  3.4560  -0.9176
3457  3.4570  -0.9175
3458  3.4580  -0.9174
3459  3.4590  -0.9173
3460  3.4600  -0.9172
3461  3.4610  -0.9171
3462  3.4620  -0.9169
3463  3.4630  -0.9168
3464  3.4640  -0.9167
3465  3.4650  -0.9166
3466  3.4660  -0.9165
3467  3.4670  -0.9164
3468  3.4680  -0.9162
3469  3.4690  -0.9161
3470  3.4700  -0.9160
3471  3.4710  -0.9159
3472  3.4720  -0.9158
3473  3.4730  -0.9157
3474  3.4740  -0.9155
3475  3.4750  -0.9154
3476  3.4760  -0.9153
3477  3.4770  -0.9152
3478  3.4780  -0.9151
3479  3.4790  -0.9149
3480  3.4800  -0.9148
3481  3.4810  -0.9147
3482  3.4820  -0.9146
3483  3.4830  -0.9145
3484  3.4840  -0.9143
3485  3.4850  -0.9142
3486  3.4860  -0.9141
3487  3.4870  -0.9140
3488  3.4880  -0.9139
3489  3.4890  -0.9137
3490  3.4900  -0.9136
3491  3.4910  -0.9135
3492  3.4920  -0.9134
3493  3.4930  -0.9132
3494  3.4940  -0.9131
3495  3.4950  -0.9130
3496  3.4960  -0.9129
3497  3.4970  -0.9127
3498  3.4980  -0.9126
3499  3.4990  -0.9125
3500  3.5000  -0.9124
3501  3.5010  -0.9122
3502  3.5020  -0.9121
3503  3.5030  -0.9120
3504  3.5040  -0.9118
3505  3.5050  -0.9117
3506  3.5060  -0.9116
3507  3.5070  -0.9115
3508  3.5080  -0.9113
3509  3.5090  -0.9112
3510  3.5100  -0.9111
3511  3.5110  -0.9109
3512  3.5120  -0.9108
3513  3.5130  -0.9107
3514  3.5140  -0.9105
3515  3.5150  -0.9104
3516  3.5160  -0.9103
3517  3.5170  -0.9101
3518  3.5180  -0.9100
3519  3.5190  -0.9099
3520  3.5200  -0.9097
3521  3.5210  -0.9096
3522  3.5220  -0.9095
3523  3.5230  -0.9093
3524  3.5240  -0.9092
3525  3.5250  -0.9091
3526  3.5260  -0.9089
3527  3.5270  -0.9088
3528  3.5280  -0.9087
3529  3.5290  -0.9085
3530  3.5300  -0.9084
3531  3.5310  -0.9083
3532  3.5320  -0.9081
3533  3.5330  -0.9080
3534  3.5340  -0.9078
3535  3.5350  -0.9077
3536  3.5360  -0.9076
3537  3.5370  -0.9074
3538  3.5380  -0.9073
3539  3.5390  -0.9071
3540  3.5400  -0.9070
3541  3.5410  -0.9069
3542  3.5420  -0.9067
3543  3.5430  -0.9066
3544  3.5440  -0.9064
3545  3.5450  -0.9063
3546  3.5460  -0.9061
3547  3.5470  -0.9060
3548  3.5480  -0.9059
3549  3.5490  -0.9057
3550  3.5500  -0.9056
3551  3.5510  -0.9054
3552  3.5520  -0.9053
3553  3.5530  -0.9051
3554  3.5540  -0.9050
3555  3.5550  -0.9048
3556  3.5560  -0.9047
3557  3.5570  -0.9045
3558  3.5580  -0.9044
3559  3.5590  -0.9043
3560  3.5600  -0.9041
3561  3.5610  -0.9040
3562  3.5620  -0.9038
3563  3.5630  -0.9037
3564  3.5640  -0.9035
3565  3.5650  -0.9034
3566  3.5660  -0.9032
3567  3.5670  -0.9031
3568  3.5680  -0.9029
3569  3.5690  -0.9027
3570  3.5700  -0.9026
3571  3.5710  -0.9024
3572  3.5720  -0.9023
3573  3.5730  -0.9021
3574  3.5740  -0.9020
3575  3.5750  -0.9018
3576  3.5760  -0.9017
3577  3.5770  -0.9015
3578  3.5780  -0.9014
3579  3.5790  -0.9012
3580  3.5800  -0.9010
3581  3.5810  -0.9009
3582  3.5820  -0.9007
3583  3.5830  -0.9006
3584  3.5840  -0.9004
3585  3.5850  -0.9003
3586  3.5860  -0.9001
3587  3.5870  -0.8999
3588  3.5880  -0.8998
3589  3.5890  -0.8996
3590  3.5900  -0.8995
3591  3.5910  -0.8993
3592  3.5920  -0.8991
3593  3.5930  -0.8990
3594  3.5940  -0.8988
3595  3.5950  -0.8986
3596  3.5960  -0.8985
3597  3.5970  -0.8983
3598  3.5980  -0.8981
3599  3.5990  -0.8980
3600  3.6000  -0.8978
3601  3.6010  -0.8976
3602  3.6020  -0.8975
3603  3.6030  -0.8973
3604  3.6040  -0.8971
3605  3.6050  -0.8970
3606  3.6060  -0.8968
3607  3.6070  -0.8966
3608  3.6080  -0.8965
3609  3.6090  -0.8963
3610  3.6100  -0.8961
3611  3.6110  -0.8960
3612  3.6120  -0.8958
3613  3.6130  -0.8956
3614  3.6140  -0.8954
3615  3.6150  -0.8953
3616  3.6160  -0.8951
3617  3.6170  -0.8949
3618  3.6180  -0.8947
3619  3.6190  -0.8946
3620  3.6200  -0.8944
3621  3.6210  -0.8942
3622  3.6220  -0.8940
3623  3.6230  -0.8939
3624  3.6240  -0.8937
3625  3.6250  -0.8935
3626  3.6260  -0.8933
3627  3.6270  -0.8932
3628  3.6280  -0.8930
3629  3.6290  -0.8928
3630  3.6300  -0.8926
3631  3.6310  -0.8924
3632  3.6320  -0.8923
3633  3.6330  -0.8921
3634  3.6340  -0.8919
3635  3.6350  -0.8917
3636  3.6360  -0.8915
3637  3.6370  -0.8913
3638  3.6380  -0.8912
3639  3.6390  -0.8910
3640  3.6400  -0.8908
3641  3.6410  -0.8906
3642  3.6420  -0.8904
3643  3.6430  -0.8902
3644  3.6440  -0.8900
3645  3.6450  -0.8898
3646  3.6460  -0.8897
3647  3.6470  -0.8895
3648  3.6480  -0.8893
3649  3.6490  -0.8891
3650  3.6500  -0.8889
3651  3.6510  -0.8887
3652  3.6520  -0.8885
3653  3.6530  -0.8883
3654  3.6540  -0.8881
3655  3.6550  -0.8879
3656  3.6560  -0.8877
3657  3.6570  -0.8875
3658  3.6580  -0.8873
3659  3.6590  -0.8871
3660  3.6600  -0.8869
3661  3.6610  -0.8867
3662  3.6620  -0.8865
3663  3.6630  -0.8863
3664  3.6640  -0.8861
3665  3.6650  -0.8859
3666  3.6660  -0.8857
3667  3.6670  -0.8855
3668  3.6680  -0.8853
3669  3.6690  -0.8851
3670  3.6700  -0.8849
3671  3.6710  -0.8847
3672  3.6720  -0.8845
3673  3.6730  -0.8843
3674  3.6740  -0.8841
3675  3.6750  -0.8839
3676  3.6760  -0.8837
3677  3.6770  -0.8835
3678  3.6780  -0.8833
3679  3.6790  -0.8831
3680  3.6800  -0.8829
3681  3.6810  -0.8827
3682  3.6820  -0.8825
3683  3.6830  -0.8822
3684  3.6840  -0.8820
3685  3.6850  -0.8818
3686  3.6860  -0.8816
3687  3.6870  -0.8814
3688  3.6880  -0.8812
3689  3.6890  -0.8810
3690  3.6900  -0.8807
3691  3.6910  -0.8805
3692  3.6920  -0.8803
3693  3.6930  -0.8801
3694  3.6940  -0.8799
3695  3.6950  -0.8797
3696  3.6960  -0.8794
3697  3.6970  -0.8792
3698  3.6980  -0.8790
3699  3.6990  -0.8788
3700  3.7000  -0.8785
3701  3.7010  -0.8783
3702  3.7020  -0.8781
3703  3.7030  -0.8779
3704  3.7040  -0.8776
3705  3.7050  -0.8774
3706  3.7060  -0.8772
3707  3.7070  -0.8770
3708  3.7080  -0.8767
3709  3.7090  -0.8765
3710  3.7100  -0.8763
3711  3.7110  -0.8761
3712  3.7120  -0.8758
3713  3.7130  -0.8756
3714  3.7140  -0.8754
3715  3.7150  -0.8751
3716  3.7160  -0.8749
3717  3.7170  -0.8747
3718  3.7180  -0.8744
3719  3.7190  -0.8742
3720  3.7200  -0.8739
3721  3.7210  -0.8737
3722  3.7220  -0.8735
3723  3.7230  -0.8732
3724  3.7240  -0.8730
3725  3.7250  -0.8727
3726  3.7260  -0.8725
3727  3.7270  -0.8723
3728  3.7280  -0.8720
3729  3.7290  -0.8718
3730  3.7300  -0.8715
3731  3.7310  -0.8713
3732  3.7320  -0.8710
3733  3.7330  -0.8708
3734  3.7340  -0.8705
3735  3.7350  -0.8703
3736  3.7360  -0.8701
3737  3.7370  -0.8698
3738  3.7380  -0.8695
3739  3.7390  -0.8693
3740  3.7400  -0.8690
3741  3.7410  -0.8688
3742  3.7420  -0.8685
3743  3.7430  -0.8683
3744  3.7440  -0.8680
3745  3.7450  -0.8678
3746  3.7460  -0.8675
3747  3.7470  -0.8673
3748  3.7480  -0.8670
3749  3.7490  -0.8667
3750  3.7500  -0.8665
3751  3.7510  -0.8662
3752  3.7520  -0.8659
3753  3.7530  -0.8657
3754  3.7540  -0.8654
3755  3.7550  -0.8652
3756  3.7560  -0.8649
3757  3.7570  -0.8646
3758  3.7580  -0.8644
3759  3.7590  -0.8641
3760  3.7600  -0.8638
3761  3.7610  -0.8635
3762  3.7620  -0.8633
3763  3.7630  -0.8630
3764  3.7640  -0.8627
3765  3.7650  -0.8625
3766  3.7660  -0.8622
3767  3.7670  -0.8619
3768  3.7680  -0.8616
3769  3.7690  -0.8613
3770  3.7700  -0.8611
3771  3.7710  -0.8608
3772  3.7720  -0.8605
3773  3.7730  -0.8602
3774  3.7740  -0.8599
3775  3.7750  -0.8597
3776  3.7760  -0.8594
3777  3.7770  -0.8591
3778  3.7780  -0.8588
3779  3.7790  -0.8585
3780  3.7800  -0.8582
3781  3.7810  -0.8579
3782  3.7820  -0.8577
3783  3.7830  -0.8574
3784  3.7840  -0.8571
3785  3.7850  -0.8568
3786  3.7860  -0.8565
3787  3.7870  -0.8562
3788  3.7880  -0.8559
3789  3.7890  -0.8556
3790  3.7900  -0.8553
3791  3.7910  -0.8550
3792  3.7920  -0.8547
3793  3.7930  -0.8544
3794  3.7940  -0.8541
3795  3.7950  -0.8538
3796  3.7960  -0.8535
3797  3.7970  -0.8532
3798  3.7980  -0.8529
3799  3.7990  -0.8526
3800  3.8000  -0.8523
3801  3.8010  -0.8519
3802  3.8020  -0.8516
3803  3.8030  -0.8513
3804  3.8040  -0.8510
3805  3.8050  -0.8507
3806  3.8060  -0.8504
3807  3.8070  -0.8501
3808  3.8080  -0.8497
3809  3.8090  -0.8494
3810  3.8100  -0.8491
3811  3.8110  -0.8488
3812  3.8120  -0.8485
3813  3.8130  -0.8481
3814  3.8140  -0.8478
3815  3.8150  -0.8475
3816  3.8160  -0.8472
3817  3.8170  -0.8468
3818  3.8180  -0.8465
3819  3.8190  -0.8462
3820  3.8200  -0.8458
3821  3.8210  -0.8455
3822  3.8220  -0.8452
3823  3.8230  -0.8448
3824  3.8240  -0.8445
3825  3.8250  -0.8442
3826  3.8260  -0.8438
3827  3.8270  -0.8435
3828  3.8280  -0.8431
3829  3.8290  -0.8428
3830  3.8300  -0.8425
3831  3.8310  -0.8421
3832  3.8320  -0.8418
3833  3.8330  -0.8414
3834  3.8340  -0.8411
3835  3.8350  -0.8407
3836  3.8360  -0.8404
3837  3.8370  -0.8400
3838  3.8380  -0.8397
3839  3.8390  -0.8393
3840  3.8400  -0.8390
3841  3.8410  -0.8386
3842  3.8420  -0.8382
3843  3.8430  -0.8379
3844  3.8440  -0.8375
3845  3.8450  -0.8372
3846  3.8460  -0.8368
3847  3.8470  -0.8364
3848  3.8480  -0.8361
3849  3.8490  -0.8357
3850  3.8500  -0.8353
3851  3.8510  -0.8350
3852  3.8520  -0.8346
3853  3.8530  -0.8342
3854  3.8540  -0.8338
3855  3.8550  -0.8335
3856  3.8560  -0.8331
3857  3.8570  -0.8327
3858  3.8580  -0.8323
3859  3.8590  -0.8319
3860  3.8600  -0.8316
3861  3.8610  -0.8312
3862  3.8620  -0.8308
3863  3.8630  -0.8304
3864  3.8640  -0.8300
3865  3.8650  -0.8296
3866  3.8660  -0.8292
3867  3.8670  -0.8288
3868  3.8680  -0.8284
3869  3.8690  -0.8280
3870  3.8700  -0.8276
3871  3.8710  -0.8272
3872  3.8720  -0.8268
3873  3.8730  -0.8264
3874  3.8740  -0.8260
3875  3.8750  -0.8256
3876  3.8760  -0.8252
3877  3.8770  -0.8248
3878  3.8780  -0.8244
3879  3.8790  -0.8240
3880  3.8800  -0.8236
3881  3.8810  -0.8232
3882  3.8820  -0.8227
3883  3.8830  -0.8223
3884  3.8840  -0.8219
3885  3.8850  -0.8215
3886  3.8860  -0.8211
3887  3.8870  -0.8206
3888  3.8880  -0.8202
3889  3.8890  -0.8198
3890  3.8900  -0.8193
3891  3.8910  -0.8189
3892  3.8920  -0.8185
3893  3.8930  -0.8180
3894  3.8940  -0.8176
3895  3.8950  -0.8172
3896  3.8960  -0.8167
3897  3.8970  -0.8163
3898  3.8980  -0.8158
3899  3.8990  -0.8154
3900  3.9000  -0.8149
3901  3.9010  -0.8145
3902  3.9020  -0.8140
3903  3.9030  -0.8136
3904  3.9040  -0.8131
3905  3.9050  -0.8127
3906  3.9060  -0.8122
3907  3.9070  -0.8118
3908  3.9080  -0.8113
3909  3.9090  -0.8108
3910  3.9100  -0.8104
3911  3.9110  -0.8099
3912  3.9120  -0.8094
3913  3.9130  -0.8090
3914  3.9140  -0.8085
3915  3.9150  -0.8080
3916  3.9160  -0.8075
3917  3.9170  -0.8071
3918  3.9180  -0.8066
3919  3.9190  -0.8061
3920  3.9200  -0.8056
3921  3.9210  -0.8051
3922  3.9220  -0.8046
3923  3.9230  -0.8041
3924  3.9240  -0.8036
3925  3.9250  -0.8031
3926  3.9260  -0.8026
3927  3.9270  -0.8021
3928  3.9280  -0.8016
3929  3.9290  -0.8011
3930  3.9300  -0.8006
3931  3.9310  -0.8001
3932  3.9320  -0.7996
3933  3.9330  -0.7991
3934  3.9340  -0.7986
3935  3.9350  -0.7981
3936  3.9360  -0.7976
3937  3.9370  -0.7970
3938  3.9380  -0.7965
3939  3.9390  -0.7960
3940  3.9400  -0.7955
3941  3.9410  -0.7949
3942  3.9420  -0.7944
3943  3.9430  -0.7939
3944  3.9440  -0.7933
3945  3.9450  -0.7928
3946  3.9460  -0.7922
3947  3.9470  -0.7917
3948  3.9480  -0.7911
3949  3.9490  -0.7906
3950  3.9500  -0.7900
3951  3.9510  -0.7895
3952  3.9520  -0.7889
3953  3.9530  -0.7884
3954  3.9540  -0.7878
3955  3.9550  -0.7873
3956  3.9560  -0.7867
3957  3.9570  -0.7861
3958  3.9580  -0.7856
3959  3.9590  -0.7850
3960  3.9600  -0.7844
3961  3.9610  -0.7838
3962  3.9620  -0.7832
3963  3.9630  -0.7827
3964  3.9640  -0.7821
3965  3.9650  -0.7815
3966  3.9660  -0.7809
3967  3.9670  -0.7803
3968  3.9680  -0.7797
3969  3.9690  -0.7791
3970  3.9700  -0.7785
3971  3.9710  -0.7779
3972  3.9720  -0.7773
3973  3.9730  -0.7767
3974  3.9740  -0.7761
3975  3.9750  -0.7755
3976  3.9760  -0.7748
3977  3.9770  -0.7742
3978  3.9780  -0.7736
3979  3.9790  -0.7730
3980  3.9800  -0.7723
3981  3.9810  -0.7717
3982  3.9820  -0.7711
3983  3.9830  -0.7704
3984  3.9840  -0.7698
3985  3.9850  -0.7691
3986  3.9860  -0.7685
3987  3.9870  -0.7678
3988  3.9880  -0.7672
3989  3.9890  -0.7665
3990  3.9900  -0.7659
3991  3.9910  -0.7652
3992  3.9920  -0.7645
3993  3.9930  -0.7639
3994  3.9940  -0.7632
3995  3.9950  -0.7625
3996  3.9960  -0.7618
3997  3.9970  -0.7612
3998  3.9980  -0.7605
3999  3.9990  -0.7598
4000  4.0000  -0.7591
4001  4.0010  -0.7584
4002  4.0020  -0.7577
4003  4.0030  -0.7570
4004  4.0040  -0.7563
4005  4.0050  -0.7556
4006  4.0060  -0.7549
4007  4.0070  -0.7542
4008  4.0080  -0.7534
4009  4.0090  -0.7527
4010  4.0100  -0.7520
4011  4.0110  -0.7513
4012  4.0120  -0.7505
4013  4.0130  -0.7498
4014  4.0140  -0.7491
4015  4.0150  -0.7483
4016  4.0160  -0.7476
4017  4.0170  -0.7468
4018  4.0180  -0.7461
4019  4.0190  -0.7453
4020  4.0200  -0.7445
4021  4.0210  -0.7438
4022  4.0220  -0.7430
4023  4.0230  -0.7422
4024  4.0240  -0.7415
4025  4.0250  -0.7407
4026  4.0260  -0.7399
4027  4.0270  -0.7391
4028  4.0280  -0.7383
4029  4.0290  -0.7375
4030  4.0300  -0.7367
4031  4.0310  -0.7359
4032  4.0320  -0.7351
4033  4.0330  -0.7343
4034  4.0340  -0.7334
4035  4.0350  -0.7326
4036  4.0360  -0.7318
4037  4.0370  -0.7310
4038  4.0380  -0.7301
4039  4.0390  -0.7293
4040  4.0400  -0.7284
4041  4.0410  -0.7276
4042  4.0420  -0.7267
4043  4.0430  -0.7259
4044  4.0440  -0.7250
4045  4.0450  -0.7242
4046  4.0460  -0.7233
4047  4.0470  -0.7224
4048  4.0480  -0.7215
4049  4.0490  -0.7206
4050  4.0500  -0.7198
4051  4.0510  -0.7189
4052  4.0520  -0.7180
4053  4.0530  -0.7171
4054  4.0540  -0.7161
4055  4.0550  -0.7152
4056  4.0560  -0.7143
4057  4.0570  -0.7134
4058  4.0580  -0.7125
4059  4.0590  -0.7115
4060  4.0600  -0.7106
4061  4.0610  -0.7096
4062  4.0620  -0.7087
4063  4.0630  -0.7077
4064  4.0640  -0.7068
4065  4.0650  -0.7058
4066  4.0660  -0.7048
4067  4.0670  -0.7038
4068  4.0680  -0.7029
4069  4.0690  -0.7019
4070  4.0700  -0.7009
4071  4.0710  -0.6999
4072  4.0720  -0.6989
4073  4.0730  -0.6979
4074  4.0740  -0.6968
4075  4.0750  -0.6958
4076  4.0760  -0.6948
4077  4.0770  -0.6938
4078  4.0780  -0.6927
4079  4.0790  -0.6917
4080  4.0800  -0.6906
4081  4.0810  -0.6896
4082  4.0820  -0.6885
4083  4.0830  -0.6874
4084  4.0840  -0.6863
4085  4.0850  -0.6853
4086  4.0860  -0.6842
4087  4.0870  -0.6831
4088  4.0880  -0.6820
4089  4.0890  -0.6809
4090  4.0900  -0.6797
4091  4.0910  -0.6786
4092  4.0920  -0.6775
4093  4.0930  -0.6764
4094  4.0940  -0.6752
4095  4.0950  -0.6741
4096  4.0960  -0.6729
4097  4.0970  -0.6717
4098  4.0980  -0.6706
4099  4.0990  -0.6694
4100  4.1000  -0.6682
4101  4.1010  -0.6670
4102  4.1020  -0.6658
4103  4.1030  -0.6646
4104  4.1040  -0.6634
4105  4.1050  -0.6621
4106  4.1060  -0.6609
4107  4.1070  -0.6597
4108  4.1080  -0.6584
4109  4.1090  -0.6572
4110  4.1100  -0.6559
4111  4.1110  -0.6546
4112  4.1120  -0.6533
4113  4.1130  -0.6521
4114  4.1140  -0.6508
4115  4.1150  -0.6495
4116  4.1160  -0.6481
4117  4.1170  -0.6468
4118  4.1180  -0.6455
4119  4.1190  -0.6441
4120  4.1200  -0.6428
4121  4.1210  -0.6414
4122  4.1220  -0.6401
4123  4.1230  -0.6387
4124  4.1240  -0.6373
4125  4.1250  -0.6359
4126  4.1260  -0.6345
4127  4.1270  -0.6331
4128  4.1280  -0.6317
4129  4.1290  -0.6302
4130  4.1300  -0.6288
4131  4.1310  -0.6273
4132  4.1320  -0.6259
4133  4.1330  -0.6244
4134  4.1340  -0.6229
4135  4.1350  -0.6214
4136  4.1360  -0.6199
4137  4.1370  -0.6184
4138  4.1380  -0.6169
4139  4.1390  -0.6153
4140  4.1400  -0.6138
4141  4.1410  -0.6122
4142  4.1420  -0.6106
4143  4.1430  -0.6091
4144  4.1440  -0.6075
4145  4.1450  -0.6058
4146  4.1460  -0.6042
4147  4.1470  -0.6026
4148  4.1480  -0.6010
4149  4.1490  -0.5993
4150  4.1500  -0.5976
4151  4.1510  -0.5959
4152  4.1520  -0.5943
4153  4.1530  -0.5925
4154  4.1540  -0.5908
4155  4.1550  -0.5891
4156  4.1560  -0.5873
4157  4.1570  -0.5856
4158  4.1580  -0.5838
4159  4.1590  -0.5820
4160  4.1600  -0.5802
4161  4.1610  -0.5784
4162  4.1620  -0.5766
4163  4.1630  -0.5747
4164  4.1640  -0.5729
4165  4.1650  -0.5710
4166  4.1660  -0.5691
4167  4.1670  -0.5672
4168  4.1680  -0.5653
4169  4.1690  -0.5633
4170  4.1700  -0.5614
4171  4.1710  -0.5594
4172  4.1720  -0.5574
4173  4.1730  -0.5554
4174  4.1740  -0.5534
4175  4.1750  -0.5513
4176  4.1760  -0.5493
4177  4.1770  -0.5472
4178  4.1780  -0.5451
4179  4.1790  -0.5430
4180  4.1800  -0.5408
4181  4.1810  -0.5387
4182  4.1820  -0.5365
4183  4.1830  -0.5343
4184  4.1840  -0.5321
4185  4.1850  -0.5299
4186  4.1860  -0.5276
4187  4.1870  -0.5254
4188  4.1880  -0.5231
4189  4.1890  -0.5207
4190  4.1900  -0.5184
4191  4.1910  -0.5160
4192  4.1920  -0.5137
4193  4.1930  -0.5112
4194  4.1940  -0.5088
4195  4.1950  -0.5064
4196  4.1960  -0.5039
4197  4.1970  -0.5014
4198  4.1980  -0.4988
4199  4.1990  -0.4963
4200  4.2000  -0.4937
4201  4.2010  -0.4911
4202  4.2020  -0.4884
4203  4.2030  -0.4858
4204  4.2040  -0.4831
4205  4.2050  -0.4804
4206  4.2060  -0.4776
4207  4.2070  -0.4748
4208  4.2080  -0.4720
4209  4.2090  -0.4691
4210  4.2100  -0.4663
4211  4.2110  -0.4633
4212  4.2120  -0.4604
4213  4.2130  -0.4574
4214  4.2140  -0.4544
4215  4.2150  -0.4513
4216  4.2160  -0.4483
4217  4.2170  -0.4451
4218  4.2180  -0.4419
4219  4.2190  -0.4388
4220  4.2200  -0.4355
4221  4.2210  -0.4322
4222  4.2220  -0.4289
4223  4.2230  -0.4255
4224  4.2240  -0.4220
4225  4.2250  -0.4186
4226  4.2260  -0.4151
4227  4.2270  -0.4114
4228  4.2280  -0.4078
4229  4.2290  -0.4043
4230  4.2300  -0.4004
4231  4.2310  -0.3966
4232  4.2320  -0.3929
4233  4.2330  -0.3889
4234  4.2340  -0.3849
4235  4.2350  -0.3811
4236  4.2360  -0.3768
4237  4.2370  -0.3727
4238  4.2380  -0.3686
4239  4.2390  -0.3641
4240  4.2400  -0.3597
4241  4.2410  -0.3555
4242  4.2420  -0.3507
4243  4.2430  -0.3463
4244  4.2440  -0.3416
4245  4.2450  -0.3365
4246  4.2460  -0.3320
4247  4.2470  -0.3266
4248  4.2480  -0.3217
4249  4.2490  -0.3166
4250  4.2500  -0.3109
4251  4.2510  -0.3060
4252  4.2520  -0.2998
4253  4.2530  -0.2947
4254  4.2540  -0.2883
4255  4.2550  -0.2827
4256  4.2560  -0.2760
4257  4.2570  -0.2700
4258  4.2580  -0.2631
4259  4.2590  -0.2570
4260  4.2600  -0.2493
4261  4.2610  -0.2427
4262  4.2620  -0.2345
4263  4.2630  -0.2272
4264  4.2640  -0.2192
4265  4.2650  -0.2099
4266  4.2660  -0.2016
4267  4.2670  -0.1928
4268  4.2680  -0.1830
4269  4.2690  -0.1725
4270  4.2700  -0.1611
4271  4.2710  -0.1479
4272  4.2720  -0.1347
