   1  0.0010  -0.2350
   2  0.0020  -0.2428
   3  0.0030  -0.2503
   4  0.0040  -0.2572
   5  0.0050  -0.2644
   6  0.0060  -0.2710
   7  0.0070  -0.2775
   8  0.0080  -0.2829
   9  0.0090  -0.2891
  10  0.0100  -0.2959
  11  0.0110  -0.3012
  12  0.0120  -0.3066
  13  0.0130  -0.3127
  14  0.0140  -0.3173
  15  0.0150  -0.3232
  16  0.0160  -0.3280
  17  0.0170  -0.3333
  18  0.0180  -0.3381
  19  0.0190  -0.3430
  20  0.0200  -0.3477
  21  0.0210  -0.3522
  22  0.0220  -0.3568
  23  0.0230  -0.3615
  24  0.0240  -0.3657
  25  0.0250  -0.3703
  26  0.0260  -0.3741
  27  0.0270  -0.3787
  28  0.0280  -0.3825
  29  0.0290  -0.3868
  30  0.0300  -0.3906
  31  0.0310  -0.3945
  32  0.0320  -0.3986
  33  0.0330  -0.4021
  34  0.0340  -0.4061
  35  0.0350  -0.4097
  36  0.0360  -0.4132
  37  0.0370  -0.4170
  38  0.0380  -0.4204
  39  0.0390  -0.4239
  40  0.0400  -0.4275
  41  0.0410  -0.4307
  42  0.0420  -0.4341
  43  0.0430  -0.4375
  44  0.0440  -0.4406
  45  0.0450  -0.4440
  46  0.0460  -0.4471
  47  0.0470  -0.4502
  48  0.0480  -0.4534
  49  0.0490  -0.4564
  50  0.0500  -0.4594
  51  0.0510  -0.4625
  52  0.0520  -0.4654
  53  0.0530  -0.4683
  54  0.0540  -0.4712
  55  0.0550  -0.4741
  56  0.0560  -0.4769
  57  0.0570  -0.4797
  58  0.0580  -0.4825
  59  0.0590  -0.4852
  60  0.0600  -0.4879
  61  0.0610  -0.4906
  62  0.0620  -0.4932
  63  0.0630  -0.4958
  64  0.0640  -0.4984
  65  0.0650  -0.5010
  66  0.0660  -0.5035
  67  0.0670  -0.5060
  68  0.0680  -0.5085
  69  0.0690  -0.5110
  70  0.0700  -0.5134
  71  0.0710  -0.5158
  72  0.0720  -0.5182
  73  0.0730  -0.5206
  74  0.0740  -0.5229
  75  0.0750  -0.5252
  76  0.0760  -0.5275
  77  0.0770  -0.5298
  78  0.0780  -0.5320
  79  0.0790  -0.5343
  80  0.0800  -0.5365
  81  0.0810  -0.5387
  82  0.0820  -0.5408
  83  0.0830  -0.5430
  84  0.0840  -0.5451
  85  0.0850  -0.5472
  86  0.0860  -0.5493
  87  0.0870  -0.5514
  88  0.0880  -0.5535
  89  0.0890  -0.5555
  90  0.0900  -0.5575
  91  0.0910  -0.5595
  92  0.0920  -0.5615
  93  0.0930  -0.5635
  94  0.0940  -0.5654
  95  0.0950  -0.5674
  96  0.0960  -0.5693
  97  0.0970  -0.5712
  98  0.0980  -0.5731
  99  0.0990  -0.5750
 100  0.1000  -0.5768
 101  0.1010  -0.5787
 102  0.1020  -0.5805
 103  0.1030  -0.5823
 104  0.1040  -0.5841
 105  0.1050  -0.5859
 106  0.1060  -0.5877
 107  0.1070  -0.5894
 108  0.1080  -0.5912
 109  0.1090  -0.5929
 110  0.1100  -0.5946
 111  0.1110  -0.5963
 112  0.1120  -0.5980
 113  0.1130  -0.5997
 114  0.1140  -0.6013
 115  0.1150  -0.6030
 116  0.1160  -0.6046
 117  0.1170  -0.6063
 118  0.1180  -0.6079
 119  0.1190  -0.6095
 120  0.1200  -0.6111
 121  0.1210  -0.6126
 122  0.1220  -0.6142
 123  0.1230  -0.6158
 124  0.1240  -0.6173
 125  0.1250  -0.6188
 126  0.1260  -0.6204
 127  0.1270  -0.6219
 128  0.1280  -0.6234
 129  0.1290  -0.6249
 130  0.1300  -0.6263
 131  0.1310  -0.6278
 132  0.1320  -0.6293
 133  0.1330  -0.6307
 134  0.1340  -0.6322
 135  0.1350  -0.6336
 136  0.1360  -0.6350
 137  0.1370  -0.6364
 138  0.1380  -0.6378
 139  0.1390  -0.6392
 140  0.1400  -0.6406
 141  0.1410  -0.6420
 142  0.1420  -0.6433
 143  0.1430  -0.6447
 144  0.1440  -0.6460
 145  0.1450  -0.6473
 146  0.1460  -0.6487
 147  0.1470  -0.6500
 148  0.1480  -0.6513
 149  0.1490  -0.6526
 150  0.1500  -0.6539
 151  0.1510  -0.6551
 152  0.1520  -0.6564
 153  0.1530  -0.6577
 154  0.1540  -0.6589
 155  0.1550  -0.6602
 156  0.1560  -0.6614
 157  0.1570  -0.6627
 158  0.1580  -0.6639
 159  0.1590  -0.6651
 160  0.1600  -0.6663
 161  0.1610  -0.6675
 162  0.1620  -0.6687
 163  0.1630  -0.6699
 164  0.1640  -0.6711
 165  0.1650  -0.6722
 166  0.1660  -0.6734
 167  0.1670  -0.6746
 168  0.1680  -0.6757
 169  0.1690  -0.6768
 170  0.1700  -0.6780
 171  0.1710  -0.6791
 172  0.1720  -0.6802
 173  0.1730  -0.6813
 174  0.1740  -0.6824
 175  0.1750  -0.6836
 176  0.1760  -0.6846
 177  0.1770  -0.6857
 178  0.1780  -0.6868
 179  0.1790  -0.6879
 180  0.1800  -0.6890
 181  0.1810  -0.6900
 182  0.1820  -0.6911
 183  0.1830  -0.6921
 184  0.1840  -0.6932
 185  0.1850  -0.6942
 186  0.1860  -0.6952
 187  0.1870  -0.6963
 188  0.1880  -0.6973
 189  0.1890  -0.6983
 190  0.1900  -0.6993
 191  0.1910  -0.7003
 192  0.1920  -0.7013
 193  0.1930  -0.7023
 194  0.1940  -0.7033
 195  0.1950  -0.7042
 196  0.1960  -0.7052
 197  0.1970  -0.7062
 198  0.1980  -0.7071
 199  0.1990  -0.7081
 200  0.2000  -0.7091
 201  0.2010  -0.7100
 202  0.2020  -0.7109
 203  0.2030  -0.7119
 204  0.2040  -0.7128
 205  0.2050  -0.7137
 206  0.2060  -0.7147
 207  0.2070  -0.7156
 208  0.2080  -0.7165
 209  0.2090  -0.7174
 210  0.2100  -0.7183
 211  0.2110  -0.7192
 212  0.2120  -0.7201
 213  0.2130  -0.7209
 214  0.2140  -0.7218
 215  0.2150  -0.7227
 216  0.2160  -0.7236
 217  0.2170  -0.7244
 218  0.2180  -0.7253
 219  0.2190  -0.7262
 220  0.2200  -0.7270
 221  0.2210  -0.7279
 222  0.2220  -0.7287
 223  0.2230  -0.7295
 224  0.2240  -0.7304
 225  0.2250  -0.7312
 226  0.2260  -0.7320
 227  0.2270  -0.7328
 228  0.2280  -0.7337
 229  0.2290  -0.7345
 230  0.2300  -0.7353
 231  0.2310  -0.7361
 232  0.2320  -0.7369
 233  0.2330  -0.7377
 234  0.2340  -0.7385
 235  0.2350  -0.7393
 236  0.2360  -0.7400
 237  0.2370  -0.7408
 238  0.2380  -0.7416
 239  0.2390  -0.7424
 240  0.2400  -0.7431
 241  0.2410  -0.7439
 242  0.2420  -0.7447
 243  0.2430  -0.7454
 244  0.2440  -0.7462
 245  0.2450  -0.7469
 246  0.2460  -0.7477
 247  0.2470  -0.7484
 248  0.2480  -0.7491
 249  0.2490  -0.7499
 250  0.2500  -0.7506
 251  0.2510  -0.7513
 252  0.2520  -0.7520
 253  0.2530  -0.7528
 254  0.2540  -0.7535
 255  0.2550  -0.7542
 256  0.2560  -0.7549
 257  0.2570  -0.7556
 258  0.2580  -0.7563
 259  0.2590  -0.7570
 260  0.2600  -0.7577
 261  0.2610  -0.7584
 262  0.2620  -0.7591
 263  0.2630  -0.7598
 264  0.2640  -0.7604
 265  0.2650  -0.7611
 266  0.2660  -0.7618
 267  0.2670  -0.7625
 268  0.2680  -0.7631
 269  0.2690  -0.7638
 270  0.2700  -0.7644
 271  0.2710  -0.7651
 272  0.2720  -0.7658
 273  0.2730  -0.7664
 274  0.2740  -0.7671
 275  0.2750  -0.7677
 276  0.2760  -0.7683
 277  0.2770  -0.7690
 278  0.2780  -0.7696
 279  0.2790  -0.7703
 280  0.2800  -0.7709
 281  0.2810  -0.7715
 282  0.2820  -0.7721
 283  0.2830  -0.7728
 284  0.2840  -0.7734
 285  0.2850  -0.7740
 286  0.2860  -0.7746
 287  0.2870  -0.7752
 288  0.2880  -0.7758
 289  0.2890  -0.7764
 290  0.2900  -0.7770
 291  0.2910  -0.7776
 292  0.2920  -0.7782
 293  0.2930  -0.7788
 294  0.2940  -0.7794
 295  0.2950  -0.7800
 296  0.2960  -0.7806
 297  0.2970  -0.7812
 298  0.2980  -0.7817
 299  0.2990  -0.7823
 300  0.3000  -0.7829
 301  0.3010  -0.7835
 302  0.3020  -0.7840
 303  0.3030  -0.7846
 304  0.3040  -0.7852
 305  0.3050  -0.7857
 306  0.3060  -0.7863
 307  0.3070  -0.7869
 308  0.3080  -0.7874
 309  0.3090  -0.7880
 310  0.3100  -0.7885
 311  0.3110  -0.7891
 312  0.3120  -0.7896
 313  0.3130  -0.7901
 314  0.3140  -0.7907
 315  0.3150  -0.7912
 316  0.3160  -0.7918
 317  0.3170  -0.7923
 318  0.3180  -0.7928
 319  0.3190  -0.7933
 320  0.3200  -0.7939
 321  0.3210  -0.7944
 322  0.3220  -0.7949
 323  0.3230  -0.7954
 324  0.3240  -0.7959
 325  0.3250  -0.7965
 326  0.3260  -0.7970
 327  0.3270  -0.7975
 328  0.3280  -0.7980
 329  0.3290  -0.7985
 330  0.3300  -0.7990
 331  0.3310  -0.7995
 332  0.3320  -0.8000
 333  0.3330  -0.8005
 334  0.3340  -0.8010
 335  0.3350  -0.8015
 336  0.3360  -0.8020
 337  0.3370  -0.8025
 338  0.3380  -0.8029
 339  0.3390  -0.8034
 340  0.3400  -0.8039
 341  0.3410  -0.8044
 342  0.3420  -0.8049
 343  0.3430  -0.8053
 344  0.3440  -0.8058
 345  0.3450  -0.8063
 346  0.3460  -0.8068
 347  0.3470  -0.8072
 348  0.3480  -0.8077
 349  0.3490  -0.8082
 350  0.3500  -0.8086
 351  0.3510  -0.8091
 352  0.3520  -0.8095
 353  0.3530  -0.8100
 354  0.3540  -0.8105
 355  0.3550  -0.8109
 356  0.3560  -0.8114
 357  0.3570  -0.8118
 358  0.3580  -0.8123
 359  0.3590  -0.8127
 360  0.3600  -0.8131
 361  0.3610  -0.8136
 362  0.3620  -0.8140
 363  0.3630  -0.8145
 364  0.3640  -0.8149
 365  0.3650  -0.8153
 366  0.3660  -0.8158
 367  0.3670  -0.8162
 368  0.3680  -0.8166
 369  0.3690  -0.8171
 370  0.3700  -0.8175
 371  0.3710  -0.8179
 372  0.3720  -0.8183
 373  0.3730  -0.8187
 374  0.3740  -0.8192
 375  0.3750  -0.8196
 376  0.3760  -0.8200
 377  0.3770  -0.8204
 378  0.3780  -0.8208
 379  0.3790  -0.8212
 380  0.3800  -0.8216
 381  0.3810  -0.8220
 382  0.3820  -0.8225
 383  0.3830  -0.8229
 384  0.3840  -0.8233
 385  0.3850  -0.8237
 386  0.3860  -0.8241
 387  0.3870  -0.8245
 388  0.3880  -0.8249
 389  0.3890  -0.8253
 390  0.3900  -0.8256
 391  0.3910  -0.8260
 392  0.3920  -0.8264
 393  0.3930  -0.8268
 394  0.3940  -0.8272
 395  0.3950  -0.8276
 396  0.3960  -0.8280
 397  0.3970  -0.8284
 398  0.3980  -0.8287
 399  0.3990  -0.8291
 400  0.4000  -0.8295
 401  0.4010  -0.8299
 402  0.4020  -0.8302
 403  0.4030  -0.8306
 404  0.4040  -0.8310
 405  0.4050  -0.8314
 406  0.4060  -0.8317
 407  0.4070  -0.8321
 408  0.4080  -0.8325
 409  0.4090  -0.8328
 410  0.4100  -0.8332
 411  0.4110  -0.8336
 412  0.4120  -0.8339
 413  0.4130  -0.8343
 414  0.4140  -0.8346
 415  0.4150  -0.8350
 416  0.4160  -0.8353
 417  0.4170  -0.8357
 418  0.4180  -0.8361
 419  0.4190  -0.8364
 420  0.4200  -0.8368
 421  0.4210  -0.8371
 422  0.4220  -0.8374
 423  0.4230  -0.8378
 424  0.4240  -0.8381
 425  0.4250  -0.8385
 426  0.4260  -0.8388
 427  0.4270  -0.8392
 428  0.4280  -0.8395
 429  0.4290  -0.8398
 430  0.4300  -0.8402
 431  0.4310  -0.8405
 432  0.4320  -0.8409
 433  0.4330  -0.8412
 434  0.4340  -0.8415
 435  0.4350  -0.8419
 436  0.4360  -0.8422
 437  0.4370  -0.8425
 438  0.4380  -0.8428
 439  0.4390  -0.8432
 440  0.4400  -0.8435
 441  0.4410  -0.8438
 442  0.4420  -0.8441
 443  0.4430  -0.8445
 444  0.4440  -0.8448
 445  0.4450  -0.8451
 446  0.4460  -0.8454
 447  0.4470  -0.8457
 448  0.4480  -0.8460
 449  0.4490  -0.8464
 450  0.4500  -0.8467
 451  0.4510  -0.8470
 452  0.4520  -0.8473
 453  0.4530  -0.8476
 454  0.4540  -0.8479
 455  0.4550  -0.8482
 456  0.4560  -0.8485
 457  0.4570  -0.8488
 458  0.4580  -0.8491
 459  0.4590  -0.8494
 460  0.4600  -0.8497
 461  0.4610  -0.8500
 462  0.4620  -0.8503
 463  0.4630  -0.8506
 464  0.4640  -0.8509
 465  0.4650  -0.8512
 466  0.4660  -0.8515
 467  0.4670  -0.8518
 468  0.4680  -0.8521
 469  0.4690  -0.8524
 470  0.4700  -0.8527
 471  0.4710  -0.8530
 472  0.4720  -0.8533
 473  0.4730  -0.8536
 474  0.4740  -0.8539
 475  0.4750  -0.8541
 476  0.4760  -0.8544
 477  0.4770  -0.8547
 478  0.4780  -0.8550
 479  0.4790  -0.8553
 480  0.4800  -0.8556
 481  0.4810  -0.8558
 482  0.4820  -0.8561
 483  0.4830  -0.8564
 484  0.4840  -0.8567
 485  0.4850  -0.8569
 486  0.4860  -0.8572
 487  0.4870  -0.8575
 488  0.4880  -0.8578
 489  0.4890  -0.8580
 490  0.4900  -0.8583
 491  0.4910  -0.8586
 492  0.4920  -0.8589
 493  0.4930  -0.8591
 494  0.4940  -0.8594
 495  0.4950  -0.8597
 496  0.4960  -0.8599
 497  0.4970  -0.8602
 498  0.4980  -0.8605
 499  0.4990  -0.8607
 500  0.5000  -0.8610
 501  0.5010  -0.8612
 502  0.5020  -0.8615
 503  0.5030  -0.8618
 504  0.5040  -0.8620
 505  0.5050  -0.8623
 506  0.5060  -0.8625
 507  0.5070  -0.8628
 508  0.5080  -0.8630
 509  0.5090  -0.8633
 510  0.5100  -0.8636
 511  0.5110  -0.8638
 512  0.5120  -0.8641
 513  0.5130  -0.8643
 514  0.5140  -0.8646
 515  0.5150  -0.8648
 516  0.5160  -0.8651
 517  0.5170  -0.8653
 518  0.5180  -0.8655
 519  0.5190  -0.8658
 520  0.5200  -0.8660
 521  0.5210  -0.8663
 522  0.5220  -0.8665
 523  0.5230  -0.8668
 524  0.5240  -0.8670
 525  0.5250  -0.8673
 526  0.5260  -0.8675
 527  0.5270  -0.8677
 528  0.5280  -0.8680
 529  0.5290  -0.8682
 530  0.5300  -0.8684
 531  0.5310  -0.8687
 532  0.5320  -0.8689
 533  0.5330  -0.8691
 534  0.5340  -0.8694
 535  0.5350  -0.8696
 536  0.5360  -0.8698
 537  0.5370  -0.8701
 538  0.5380  -0.8703
 539  0.5390  -0.8705
 540  0.5400  -0.8708
 541  0.5410  -0.8710
 542  0.5420  -0.8712
 543  0.5430  -0.8715
 544  0.5440  -0.8717
 545  0.5450  -0.8719
 546  0.5460  -0.8721
 547  0.5470  -0.8724
 548  0.5480  -0.8726
 549  0.5490  -0.8728
 550  0.5500  -0.8730
 551  0.5510  -0.8732
 552  0.5520  -0.8735
 553  0.5530  -0.8737
 554  0.5540  -0.8739
 555  0.5550  -0.8741
 556  0.5560  -0.8743
 557  0.5570  -0.8745
 558  0.5580  -0.8748
 559  0.5590  -0.8750
 560  0.5600  -0.8752
 561  0.5610  -0.8754
 562  0.5620  -0.8756
 563  0.5630  -0.8758
 564  0.5640  -0.8760
 565  0.5650  -0.8763
 566  0.5660  -0.8765
 567  0.5670  -0.8767
 568  0.5680  -0.8769
 569  0.5690  -0.8771
 570  0.5700  -0.8773
 571  0.5710  -0.8775
 572  0.5720  -0.8777
 573  0.5730  -0.8779
 574  0.5740  -0.8781
 575  0.5750  -0.8783
 576  0.5760  -0.8785
 577  0.5770  -0.8787
 578  0.5780  -0.8789
 579  0.5790  -0.8791
 580  0.5800  -0.8793
 581  0.5810  -0.8795
 582  0.5820  -0.8797
 583  0.5830  -0.8799
 584  0.5840  -0.8801
 585  0.5850  -0.8803
 586  0.5860  -0.8805
 587  0.5870  -0.8807
 588  0.5880  -0.8809
 589  0.5890  -0.8811
 590  0.5900  -0.8813
 591  0.5910  -0.8815
 592  0.5920  -0.8817
 593  0.5930  -0.8819
 594  0.5940  -0.8821
 595  0.5950  -0.8823
 596  0.5960  -0.8825
 597  0.5970  -0.8827
 598  0.5980  -0.8829
 599  0.5990  -0.8830
 600  0.6000  -0.8832
 601  0.6010  -0.8834
 602  0.6020  -0.8836
 603  0.6030  -0.8838
 604  0.6040  -0.8840
 605  0.6050  -0.8842
 606  0.6060  -0.8843
 607  0.6070  -0.8845
 608  0.6080  -0.8847
 609  0.6090  -0.8849
 610  0.6100  -0.8851
 611  0.6110  -0.8853
 612  0.6120  -0.8854
 613  0.6130  -0.8856
 614  0.6140  -0.8858
 615  0.6150  -0.8860
 616  0.6160  -0.8862
 617  0.6170  -0.8863
 618  0.6180  -0.8865
 619  0.6190  -0.8867
 620  0.6200  -0.8869
 621  0.6210  -0.8871
 622  0.6220  -0.8872
 623  0.6230  -0.8874
 624  0.6240  -0.8876
 625  0.6250  -0.8878
 626  0.6260  -0.8879
 627  0.6270  -0.8881
 628  0.6280  -0.8883
 629  0.6290  -0.8885
 630  0.6300  -0.8886
 631  0.6310  -0.8888
 632  0.6320  -0.8890
 633  0.6330  -0.8891
 634  0.6340  -0.8893
 635  0.6350  -0.8895
 636  0.6360  -0.8896
 637  0.6370  -0.8898
 638  0.6380  -0.8900
 639  0.6390  -0.8901
 640  0.6400  -0.8903
 641  0.6410  -0.8905
 642  0.6420  -0.8906
 643  0.6430  -0.8908
 644  0.6440  -0.8910
 645  0.6450  -0.8911
 646  0.6460  -0.8913
 647  0.6470  -0.8915
 648  0.6480  -0.8916
 649  0.6490  -0.8918
 650  0.6500  -0.8920
 651  0.6510  -0.8921
 652  0.6520  -0.8923
 653  0.6530  -0.8924
 654  0.6540  -0.8926
 655  0.6550  -0.8928
 656  0.6560  -0.8929
 657  0.6570  -0.8931
 658  0.6580  -0.8932
 659  0.6590  -0.8934
 660  0.6600  -0.8935
 661  0.6610  -0.8937
 662  0.6620  -0.8939
 663  0.6630  -0.8940
 664  0.6640  -0.8942
 665  0.6650  -0.8943
 666  0.6660  -0.8945
 667  0.6670  -0.8946
 668  0.6680  -0.8948
 669  0.6690  -0.8949
 670  0.6700  -0.8951
 671  0.6710  -0.8952
 672  0.6720  -0.8954
 673  0.6730  -0.8955
 674  0.6740  -0.8957
 675  0.6750  -0.8958
 676  0.6760  -0.8960
 677  0.6770  -0.8961
 678  0.6780  -0.8963
 679  0.6790  -0.8964
 680  0.6800  -0.8966
 681  0.6810  -0.8967
 682  0.6820  -0.8969
 683  0.6830  -0.8970
 684  0.6840  -0.8972
 685  0.6850  -0.8973
 686  0.6860  -0.8975
 687  0.6870  -0.8976
 688  0.6880  -0.8977
 689  0.6890  -0.8979
 690  0.6900  -0.8980
 691  0.6910  -0.8982
 692  0.6920  -0.8983
 693  0.6930  -0.8985
 694  0.6940  -0.8986
 695  0.6950  -0.8987
 696  0.6960  -0.8989
 697  0.6970  -0.8990
 698  0.6980  -0.8992
 699  0.6990  -0.8993
 700  0.7000  -0.8994
 701  0.7010  -0.8996
 702  0.7020  -0.8997
 703  0.7030  -0.8999
 704  0.7040  -0.9000
 705  0.7050  -0.9001
 706  0.7060  -0.9003
 707  0.7070  -0.9004
 708  0.7080  -0.9005
 709  0.7090  -0.9007
 710  0.7100  -0.9008
 711  0.7110  -0.9009
 712  0.7120  -0.9011
 713  0.7130  -0.9012
 714  0.7140  -0.9014
 715  0.7150  -0.9015
 716  0.7160  -0.9016
 717  0.7170  -0.9017
 718  0.7180  -0.9019
 719  0.7190  -0.9020
 720  0.7200  -0.9021
 721  0.7210  -0.9023
 722  0.7220  -0.9024
 723  0.7230  -0.9025
 724  0.7240  -0.9027
 725  0.7250  -0.9028
 726  0.7260  -0.9029
 727  0.7270  -0.9031
 728  0.7280  -0.9032
 729  0.7290  -0.9033
 730  0.7300  -0.9034
 731  0.7310  -0.9036
 732  0.7320  -0.9037
 733  0.7330  -0.9038
 734  0.7340  -0.9039
 735  0.7350  -0.9041
 736  0.7360  -0.9042
 737  0.7370  -0.9043
 738  0.7380  -0.9044
 739  0.7390  -0.9046
 740  0.7400  -0.9047
 741  0.7410  -0.9048
 742  0.7420  -0.9049
 743  0.7430  -0.9051
 744  0.7440  -0.9052
 745  0.7450  -0.9053
 746  0.7460  -0.9054
 747  0.7470  -0.9055
 748  0.7480  -0.9057
 749  0.7490  -0.9058
 750  0.7500  -0.9059
 751  0.7510  -0.9060
 752  0.7520  -0.9061
 753  0.7530  -0.9063
 754  0.7540  -0.9064
 755  0.7550  -0.9065
 756  0.7560  -0.9066
 757  0.7570  -0.9067
 758  0.7580  -0.9069
 759  0.7590  -0.9070
 760  0.7600  -0.9071
 761  0.7610  -0.9072
 762  0.7620  -0.9073
 763  0.7630  -0.9074
 764  0.7640  -0.9076
 765  0.7650  -0.9077
 766  0.7660  -0.9078
 767  0.7670  -0.9079
 768  0.7680  -0.9080
 769  0.7690  -0.9081
 770  0.7700  -0.9082
 771  0.7710  -0.9084
 772  0.7720  -0.9085
 773  0.7730  -0.9086
 774  0.7740  -0.9087
 775  0.7750  -0.9088
 776  0.7760  -0.9089
 777  0.7770  -0.9090
 778  0.7780  -0.9091
 779  0.7790  -0.9092
 780  0.7800  -0.9094
 781  0.7810  -0.9095
 782  0.7820  -0.9096
 783  0.7830  -0.9097
 784  0.7840  -0.9098
 785  0.7850  -0.9099
 786  0.7860  -0.9100
 787  0.7870  -0.9101
 788  0.7880  -0.9102
 789  0.7890  -0.9103
 790  0.7900  -0.9104
 791  0.7910  -0.9106
 792  0.7920  -0.9107
 793  0.7930  -0.9108
 794  0.7940  -0.9109
 795  0.7950  -0.9110
 796  0.7960  -0.9111
 797  0.7970  -0.9112
 798  0.7980  -0.9113
 799  0.7990  -0.9114
 800  0.8000  -0.9115
 801  0.8010  -0.9116
 802  0.8020  -0.9117
 803  0.8030  -0.9118
 804  0.8040  -0.9119
 805  0.8050  -0.9120
 806  0.8060  -0.9121
 807  0.8070  -0.9122
 808  0.8080  -0.9123
 809  0.8090  -0.9124
 810  0.8100  -0.9125
 811  0.8110  -0.9126
 812  0.8120  -0.9127
 813  0.8130  -0.9128
 814  0.8140  -0.9129
 815  0.8150  -0.9130
 816  0.8160  -0.9131
 817  0.8170  -0.9132
 818  0.8180  -0.9133
 819  0.8190  -0.9134
 820  0.8200  -0.9135
 821  0.8210  -0.9136
 822  0.8220  -0.9137
 823  0.8230  -0.9138
 824  0.8240  -0.9139
 825  0.8250  -0.9140
 826  0.8260  -0.9141
 827  0.8270  -0.9142
 828  0.8280  -0.9143
 829  0.8290  -0.9144
 830  0.8300  -0.9145
 831  0.8310  -0.9146
 832  0.8320  -0.9147
 833  0.8330  -0.9148
 834  0.8340  -0.9149
 835  0.8350  -0.9150
 836  0.8360  -0.9151
 837  0.8370  -0.9152
 838  0.8380  -0.9152
 839  0.8390  -0.9153
 840  0.8400  -0.9154
 841  0.8410  -0.9155
 842  0.8420  -0.9156
 843  0.8430  -0.9157
 844  0.8440  -0.9158
 845  0.8450  -0.9159
 846  0.8460  -0.9160
 847  0.8470  -0.9161
 848  0.8480  -0.9162
 849  0.8490  -0.9163
 850  0.8500  -0.9163
 851  0.8510  -0.9164
 852  0.8520  -0.9165
 853  0.8530  -0.9166
 854  0.8540  -0.9167
 855  0.8550  -0.9168
 856  0.8560  -0.9169
 857  0.8570  -0.9170
 858  0.8580  -0.9171
 859  0.8590  -0.9171
 860  0.8600  -0.9172
 861  0.8610  -0.9173
 862  0.8620  -0.9174
 863  0.8630  -0.9175
 864  0.8640  -0.9176
 865  0.8650  -0.9177
 866  0.8660  -0.9178
 867  0.8670  -0.9178
 868  0.8680  -0.9179
 869  0.8690  -0.9180
 870  0.8700  -0.9181
 871  0.8710  -0.9182
 872  0.8720  -0.9183
 873  0.8730  -0.9184
 874  0.8740  -0.9184
 875  0.8750  -0.9185
 876  0.8760  -0.9186
 877  0.8770  -0.9187
 878  0.8780  -0.9188
 879  0.8790  -0.9189
 880  0.8800  -0.9189
 881  0.8810  -0.9190
 882  0.8820  -0.9191
 883  0.8830  -0.9192
 884  0.8840  -0.9193
 885  0.8850  -0.9194
 886  0.8860  -0.9194
 887  0.8870  -0.9195
 888  0.8880  -0.9196
 889  0.8890  -0.9197
 890  0.8900  -0.9198
 891  0.8910  -0.9198
 892  0.8920  -0.9199
 893  0.8930  -0.9200
 894  0.8940  -0.9201
 895  0.8950  -0.9202
 896  0.8960  -0.9202
 897  0.8970  -0.9203
 898  0.8980  -0.9204
 899  0.8990  -0.9205
 900  0.9000  -0.9206
 901  0.9010  -0.9206
 902  0.9020  -0.9207
 903  0.9030  -0.9208
 904  0.9040  -0.9209
 905  0.9050  -0.9209
 906  0.9060  -0.9210
 907  0.9070  -0.9211
 908  0.9080  -0.9212
 909  0.9090  -0.9212
 910  0.9100  -0.9213
 911  0.9110  -0.9214
 912  0.9120  -0.9215
 913  0.9130  -0.9216
 914  0.9140  -0.9216
 915  0.9150  -0.9217
 916  0.9160  -0.9218
 917  0.9170  -0.9219
 918  0.9180  -0.9219
 919  0.9190  -0.9220
 920  0.9200  -0.9221
 921  0.9210  -0.9221
 922  0.9220  -0.9222
 923  0.9230  -0.9223
 924  0.9240  -0.9224
 925  0.9250  -0.9224
 926  0.9260  -0.9225
 927  0.9270  -0.9226
 928  0.9280  -0.9227
 929  0.9290  -0.9227
 930  0.9300  -0.9228
 931  0.9310  -0.9229
 932  0.9320  -0.9229
 933  0.9330  -0.9230
 934  0.9340  -0.9231
 935  0.9350  -0.9232
 936  0.9360  -0.9232
 937  0.9370  -0.9233
 938  0.9380  -0.9234
 939  0.9390  -0.9234
 940  0.9400  -0.9235
 941  0.9410  -0.9236
 942  0.9420  -0.9237
 943  0.9430  -0.9237
 944  0.9440  -0.9238
 945  0.9450  -0.9239
 946  0.9460  -0.9239
 947  0.9470  -0.9240
 948  0.9480  -0.9241
 949  0.9490  -0.9241
 950  0.9500  -0.9242
 951  0.9510  -0.9243
 952  0.9520  -0.9243
 953  0.9530  -0.9244
 954  0.9540  -0.9245
 955  0.9550  -0.9245
 956  0.9560  -0.9246
 957  0.9570  -0.9247
 958  0.9580  -0.9247
 959  0.9590  -0.9248
 960  0.9600  -0.9249
 961  0.9610  -0.9249
 962  0.9620  -0.9250
 963  0.9630  -0.9251
 964  0.9640  -0.9251
 965  0.9650  -0.9252
 966  0.9660  -0.9253
 967  0.9670  -0.9253
 968  0.9680  -0.9254
 969  0.9690  -0.9255
 970  0.9700  -0.9255
 971  0.9710  -0.9256
 972  0.9720  -0.9256
 973  0.9730  -0.9257
 974  0.9740  -0.9258
 975  0.9750  -0.9258
 976  0.9760  -0.9259
 977  0.9770  -0.9260
 978  0.9780  -0.9260
 979  0.9790  -0.9261
 980  0.9800  -0.9262
 981  0.9810  -0.9262
 982  0.9820  -0.9263
 983  0.9830  -0.9263
 984  0.9840  -0.9264
 985  0.9850  -0.9265
 986  0.9860  -0.9265
 987  0.9870  -0.9266
 988  0.9880  -0.9266
 989  0.9890  -0.9267
 990  0.9900  -0.9268
 991  0.9910  -0.9268
 992  0.9920  -0.9269
 993  0.9930  -0.9269
 994  0.9940  -0.9270
 995  0.9950  -0.9271
 996  0.9960  -0.9271
 997  0.9970  -0.9272
 998  0.9980  -0.9272
 999  0.9990  -0.9273
1000  1.0000  -0.9274
1001  1.0010  -0.9274
1002  1.0020  -0.9275
1003  1.0030  -0.9275
1004  1.0040  -0.9276
1005  1.0050  -0.9277
1006  1.0060  -0.9277
1007  1.0070  -0.9278
1008  1.0080  -0.9278
1009  1.0090  -0.9279
1010  1.0100  -0.9279
1011  1.0110  -0.9280
1012  1.0120  -0.9281
1013  1.0130  -0.9281
1014  1.0140  -0.9282
1015  1.0150  -0.9282
1016  1.0160  -0.9283
1017  1.0170  -0.9283
1018  1.0180  -0.9284
1019  1.0190  -0.9284
1020  1.0200  -0.9285
1021  1.0210  -0.9286
1022  1.0220  -0.9286
1023  1.0230  -0.9287
1024  1.0240  -0.9287
1025  1.0250  -0.9288
1026  1.0260  -0.9288
1027  1.0270  -0.9289
1028  1.0280  -0.9289
1029  1.0290  -0.9290
1030  1.0300  -0.9290
1031  1.0310  -0.9291
1032  1.0320  -0.9292
1033  1.0330  -0.9292
1034  1.0340  -0.9293
1035  1.0350  -0.9293
1036  1.0360  -0.9294
1037  1.0370  -0.9294
1038  1.0380  -0.9295
1039  1.0390  -0.9295
1040  1.0400  -0.9296
1041  1.0410  -0.9296
1042  1.0420  -0.9297
1043  1.0430  -0.9297
1044  1.0440  -0.9298
1045  1.0450  -0.9298
1046  1.0460  -0.9299
1047  1.0470  -0.9299
1048  1.0480  -0.9300
1049  1.0490  -0.9300
1050  1.0500  -0.9301
1051  1.0510  -0.9301
1052  1.0520  -0.9302
1053  1.0530  -0.9302
1054  1.0540  -0.9303
1055  1.0550  -0.9303
1056  1.0560  -0.9304
1057  1.0570  -0.9304
1058  1.0580  -0.9305
1059  1.0590  -0.9305
1060  1.0600  -0.9306
1061  1.0610  -0.9306
1062  1.0620  -0.9307
1063  1.0630  -0.9307
1064  1.0640  -0.9308
1065  1.0650  -0.9308
1066  1.0660  -0.9309
1067  1.0670  -0.9309
1068  1.0680  -0.9310
1069  1.0690  -0.9310
1070  1.0700  -0.9311
1071  1.0710  -0.9311
1072  1.0720  -0.9312
1073  1.0730  -0.9312
1074  1.0740  -0.9313
1075  1.0750  -0.9313
1076  1.0760  -0.9313
1077  1.0770  -0.9314
1078  1.0780  -0.9314
1079  1.0790  -0.9315
1080  1.0800  -0.9315
1081  1.0810  -0.9316
1082  1.0820  -0.9316
1083  1.0830  -0.9317
1084  1.0840  -0.9317
1085  1.0850  -0.9318
1086  1.0860  -0.9318
1087  1.0870  -0.9319
1088  1.0880  -0.9319
1089  1.0890  -0.9319
1090  1.0900  -0.9320
1091  1.0910  -0.9320
1092  1.0920  -0.9321
1093  1.0930  -0.9321
1094  1.0940  -0.9322
1095  1.0950  -0.9322
1096  1.0960  -0.9323
1097  1.0970  -0.9323
1098  1.0980  -0.9323
1099  1.0990  -0.9324
1100  1.1000  -0.9324
1101  1.1010  -0.9325
1102  1.1020  -0.9325
1103  1.1030  -0.9326
1104  1.1040  -0.9326
1105  1.1050  -0.9326
1106  1.1060  -0.9327
1107  1.1070  -0.9327
1108  1.1080  -0.9328
1109  1.1090  -0.9328
1110  1.1100  -0.9328
1111  1.1110  -0.9329
1112  1.1120  -0.9329
1113  1.1130  -0.9330
1114  1.1140  -0.9330
1115  1.1150  -0.9331
1116  1.1160  -0.9331
1117  1.1170  -0.9331
1118  1.1180  -0.9332
1119  1.1190  -0.9332
1120  1.1200  -0.9333
1121  1.1210  -0.9333
1122  1.1220  -0.9333
1123  1.1230  -0.9334
1124  1.1240  -0.9334
1125  1.1250  -0.9335
1126  1.1260  -0.9335
1127  1.1270  -0.9335
1128  1.1280  -0.9336
1129  1.1290  -0.9336
1130  1.1300  -0.9337
1131  1.1310  -0.9337
1132  1.1320  -0.9337
1133  1.1330  -0.9338
1134  1.1340  -0.9338
1135  1.1350  -0.9339
1136  1.1360  -0.9339
1137  1.1370  -0.9339
1138  1.1380  -0.9340
1139  1.1390  -0.9340
1140  1.1400  -0.9340
1141  1.1410  -0.9341
1142  1.1420  -0.9341
1143  1.1430  -0.9342
1144  1.1440  -0.9342
1145  1.1450  -0.9342
1146  1.1460  -0.9343
1147  1.1470  -0.9343
1148  1.1480  -0.9343
1149  1.1490  -0.9344
1150  1.1500  -0.9344
1151  1.1510  -0.9344
1152  1.1520  -0.9345
1153  1.1530  -0.9345
1154  1.1540  -0.9346
1155  1.1550  -0.9346
1156  1.1560  -0.9346
1157  1.1570  -0.9347
1158  1.1580  -0.9347
1159  1.1590  -0.9347
1160  1.1600  -0.9348
1161  1.1610  -0.9348
1162  1.1620  -0.9348
1163  1.1630  -0.9349
1164  1.1640  -0.9349
1165  1.1650  -0.9349
1166  1.1660  -0.9350
1167  1.1670  -0.9350
1168  1.1680  -0.9350
1169  1.1690  -0.9351
1170  1.1700  -0.9351
1171  1.1710  -0.9351
1172  1.1720  -0.9352
1173  1.1730  -0.9352
1174  1.1740  -0.9353
1175  1.1750  -0.9353
1176  1.1760  -0.9353
1177  1.1770  -0.9353
1178  1.1780  -0.9354
1179  1.1790  -0.9354
1180  1.1800  -0.9354
1181  1.1810  -0.9355
1182  1.1820  -0.9355
1183  1.1830  -0.9355
1184  1.1840  -0.9356
1185  1.1850  -0.9356
1186  1.1860  -0.9356
1187  1.1870  -0.9357
1188  1.1880  -0.9357
1189  1.1890  -0.9357
1190  1.1900  -0.9358
1191  1.1910  -0.9358
1192  1.1920  -0.9358
1193  1.1930  -0.9359
1194  1.1940  -0.9359
1195  1.1950  -0.9359
1196  1.1960  -0.9360
1197  1.1970  -0.9360
1198  1.1980  -0.9360
1199  1.1990  -0.9360
1200  1.2000  -0.9361
1201  1.2010  -0.9361
1202  1.2020  -0.9361
1203  1.2030  -0.9362
1204  1.2040  -0.9362
1205  1.2050  -0.9362
1206  1.2060  -0.9363
1207  1.2070  -0.9363
1208  1.2080  -0.9363
1209  1.2090  -0.9363
1210  1.2100  -0.9364
1211  1.2110  -0.9364
1212  1.2120  -0.9364
1213  1.2130  -0.9365
1214  1.2140  -0.9365
1215  1.2150  -0.9365
1216  1.2160  -0.9365
1217  1.2170  -0.9366
1218  1.2180  -0.9366
1219  1.2190  -0.9366
1220  1.2200  -0.9367
1221  1.2210  -0.9367
1222  1.2220  -0.9367
1223  1.2230  -0.9367
1224  1.2240  -0.9368
1225  1.2250  -0.9368
1226  1.2260  -0.9368
1227  1.2270  -0.9369
1228  1.2280  -0.9369
1229  1.2290  -0.9369
1230  1.2300  -0.9369
1231  1.2310  -0.9370
1232  1.2320  -0.9370
1233  1.2330  -0.9370
1234  1.2340  -0.9370
1235  1.2350  -0.9371
1236  1.2360  -0.9371
1237  1.2370  -0.9371
1238  1.2380  -0.9371
1239  1.2390  -0.9372
1240  1.2400  -0.9372
1241  1.2410  -0.9372
1242  1.2420  -0.9372
1243  1.2430  -0.9373
1244  1.2440  -0.9373
1245  1.2450  -0.9373
1246  1.2460  -0.9373
1247  1.2470  -0.9374
1248  1.2480  -0.9374
1249  1.2490  -0.9374
1250  1.2500  -0.9374
1251  1.2510  -0.9375
1252  1.2520  -0.9375
1253  1.2530  -0.9375
1254  1.2540  -0.9375
1255  1.2550  -0.9376
1256  1.2560  -0.9376
1257  1.2570  -0.9376
1258  1.2580  -0.9376
1259  1.2590  -0.9377
1260  1.2600  -0.9377
1261  1.2610  -0.9377
1262  1.2620  -0.9377
1263  1.2630  -0.9378
1264  1.2640  -0.9378
1265  1.2650  -0.9378
1266  1.2660  -0.9378
1267  1.2670  -0.9379
1268  1.2680  -0.9379
1269  1.2690  -0.9379
1270  1.2700  -0.9379
1271  1.2710  -0.9379
1272  1.2720  -0.9380
1273  1.2730  -0.9380
1274  1.2740  -0.9380
1275  1.2750  -0.9380
1276  1.2760  -0.9381
1277  1.2770  -0.9381
1278  1.2780  -0.9381
1279  1.2790  -0.9381
1280  1.2800  -0.9381
1281  1.2810  -0.9382
1282  1.2820  -0.9382
1283  1.2830  -0.9382
1284  1.2840  -0.9382
1285  1.2850  -0.9382
1286  1.2860  -0.9383
1287  1.2870  -0.9383
1288  1.2880  -0.9383
1289  1.2890  -0.9383
1290  1.2900  -0.9383
1291  1.2910  -0.9384
1292  1.2920  -0.9384
1293  1.2930  -0.9384
1294  1.2940  -0.9384
1295  1.2950  -0.9384
1296  1.2960  -0.9385
1297  1.2970  -0.9385
1298  1.2980  -0.9385
1299  1.2990  -0.9385
1300  1.3000  -0.9385
1301  1.3010  -0.9386
1302  1.3020  -0.9386
1303  1.3030  -0.9386
1304  1.3040  -0.9386
1305  1.3050  -0.9386
1306  1.3060  -0.9387
1307  1.3070  -0.9387
1308  1.3080  -0.9387
1309  1.3090  -0.9387
1310  1.3100  -0.9387
1311  1.3110  -0.9387
1312  1.3120  -0.9388
1313  1.3130  -0.9388
1314  1.3140  -0.9388
1315  1.3150  -0.9388
1316  1.3160  -0.9388
1317  1.3170  -0.9389
1318  1.3180  -0.9389
1319  1.3190  -0.9389
1320  1.3200  -0.9389
1321  1.3210  -0.9389
1322  1.3220  -0.9389
1323  1.3230  -0.9390
1324  1.3240  -0.9390
1325  1.3250  -0.9390
1326  1.3260  -0.9390
1327  1.3270  -0.9390
1328  1.3280  -0.9390
1329  1.3290  -0.9391
1330  1.3300  -0.9391
1331  1.3310  -0.9391
1332  1.3320  -0.9391
1333  1.3330  -0.9391
1334  1.3340  -0.9391
1335  1.3350  -0.9392
1336  1.3360  -0.9392
1337  1.3370  -0.9392
1338  1.3380  -0.9392
1339  1.3390  -0.9392
1340  1.3400  -0.9392
1341  1.3410  -0.9392
1342  1.3420  -0.9393
1343  1.3430  -0.9393
1344  1.3440  -0.9393
1345  1.3450  -0.9393
1346  1.3460  -0.9393
1347  1.3470  -0.9393
1348  1.3480  -0.9393
1349  1.3490  -0.9394
1350  1.3500  -0.9394
1351  1.3510  -0.9394
1352  1.3520  -0.9394
1353  1.3530  -0.9394
1354  1.3540  -0.9394
1355  1.3550  -0.9394
1356  1.3560  -0.9395
1357  1.3570  -0.9395
1358  1.3580  -0.9395
1359  1.3590  -0.9395
1360  1.3600  -0.9395
1361  1.3610  -0.9395
1362  1.3620  -0.9395
1363  1.3630  -0.9396
1364  1.3640  -0.9396
1365  1.3650  -0.9396
1366  1.3660  -0.9396
1367  1.3670  -0.9396
1368  1.3680  -0.9396
1369  1.3690  -0.9396
1370  1.3700  -0.9396
1371  1.3710  -0.9397
1372  1.3720  -0.9397
1373  1.3730  -0.9397
1374  1.3740  -0.9397
1375  1.3750  -0.9397
1376  1.3760  -0.9397
1377  1.3770  -0.9397
1378  1.3780  -0.9397
1379  1.3790  -0.9397
1380  1.3800  -0.9398
1381  1.3810  -0.9398
1382  1.3820  -0.9398
1383  1.3830  -0.9398
1384  1.3840  -0.9398
1385  1.3850  -0.9398
1386  1.3860  -0.9398
1387  1.3870  -0.9398
1388  1.3880  -0.9398
1389  1.3890  -0.9399
1390  1.3900  -0.9399
1391  1.3910  -0.9399
1392  1.3920  -0.9399
1393  1.3930  -0.9399
1394  1.3940  -0.9399
1395  1.3950  -0.9399
1396  1.3960  -0.9399
1397  1.3970  -0.9399
1398  1.3980  -0.9399
1399  1.3990  -0.9400
1400  1.4000  -0.9400
1401  1.4010  -0.9400
1402  1.4020  -0.9400
1403  1.4030  -0.9400
1404  1.4040  -0.9400
1405  1.4050  -0.9400
1406  1.4060  -0.9400
1407  1.4070  -0.9400
1408  1.4080  -0.9400
1409  1.4090  -0.9400
1410  1.4100  -0.9400
1411  1.4110  -0.9401
1412  1.4120  -0.9401
1413  1.4130  -0.9401
1414  1.4140  -0.9401
1415  1.4150  -0.9401
1416  1.4160  -0.9401
1417  1.4170  -0.9401
1418  1.4180  -0.9401
1419  1.4190  -0.9401
1420  1.4200  -0.9401
1421  1.4210  -0.9401
1422  1.4220  -0.9401
1423  1.4230  -0.9401
1424  1.4240  -0.9402
1425  1.4250  -0.9402
1426  1.4260  -0.9402
1427  1.4270  -0.9402
1428  1.4280  -0.9402
1429  1.4290  -0.9402
1430  1.4300  -0.9402
1431  1.4310  -0.9402
1432  1.4320  -0.9402
1433  1.4330  -0.9402
1434  1.4340  -0.9402
1435  1.4350  -0.9402
1436  1.4360  -0.9402
1437  1.4370  -0.9402
1438  1.4380  -0.9402
1439  1.4390  -0.9402
1440  1.4400  -0.9403
1441  1.4410  -0.9403
1442  1.4420  -0.9403
1443  1.4430  -0.9403
1444  1.4440  -0.9403
1445  1.4450  -0.9403
1446  1.4460  -0.9403
1447  1.4470  -0.9403
1448  1.4480  -0.9403
1449  1.4490  -0.9403
1450  1.4500  -0.9403
1451  1.4510  -0.9403
1452  1.4520  -0.9403
1453  1.4530  -0.9403
1454  1.4540  -0.9403
1455  1.4550  -0.9403
1456  1.4560  -0.9403
1457  1.4570  -0.9403
1458  1.4580  -0.9403
1459  1.4590  -0.9403
1460  1.4600  -0.9403
1461  1.4610  -0.9403
1462  1.4620  -0.9404
1463  1.4630  -0.9404
1464  1.4640  -0.9404
1465  1.4650  -0.9404
1466  1.4660  -0.9404
1467  1.4670  -0.9404
1468  1.4680  -0.9404
1469  1.4690  -0.9404
1470  1.4700  -0.9404
1471  1.4710  -0.9404
1472  1.4720  -0.9404
1473  1.4730  -0.9404
1474  1.4740  -0.9404
1475  1.4750  -0.9404
1476  1.4760  -0.9404
1477  1.4770  -0.9404
1478  1.4780  -0.9404
1479  1.4790  -0.9404
1480  1.4800  -0.9404
1481  1.4810  -0.9404
1482  1.4820  -0.9404
1483  1.4830  -0.9404
1484  1.4840  -0.9404
1485  1.4850  -0.9404
1486  1.4860  -0.9404
1487  1.4870  -0.9404
1488  1.4880  -0.9404
1489  1.4890  -0.9404
1490  1.4900  -0.9404
1491  1.4910  -0.9404
1492  1.4920  -0.9404
1493  1.4930  -0.9404
1494  1.4940  -0.9404
1495  1.4950  -0.9404
1496  1.4960  -0.9404
1497  1.4970  -0.9404
1498  1.4980  -0.9404
1499  1.4990  -0.9404
1500  1.5000  -0.9404
1501  1.5010  -0.9404
1502  1.5020  -0.9404
1503  1.5030  -0.9404
1504  1.5040  -0.9404
1505  1.5050  -0.9404
1506  1.5060  -0.9404
1507  1.5070  -0.9404
1508  1.5080  -0.9404
1509  1.5090  -0.9404
1510  1.5100  -0.9404
1511  1.5110  -0.9404
1512  1.5120  -0.9404
1513  1.5130  -0.9404
1514  1.5140  -0.9404
1515  1.5150  -0.9404
1516  1.5160  -0.9404
1517  1.5170  -0.9404
1518  1.5180  -0.9404
1519  1.5190  -0.9404
1520  1.5200  -0.9404
1521  1.5210  -0.9404
1522  1.5220  -0.9404
1523  1.5230  -0.9404
1524  1.5240  -0.9404
1525  1.5250  -0.9404
1526  1.5260  -0.9404
1527  1.5270  -0.9404
1528  1.5280  -0.9404
1529  1.5290  -0.9404
1530  1.5300  -0.9404
1531  1.5310  -0.9404
1532  1.5320  -0.9404
1533  1.5330  -0.9404
1534  1.5340  -0.9403
1535  1.5350  -0.9403
1536  1.5360  -0.9403
1537  1.5370  -0.9403
1538  1.5380  -0.9403
1539  1.5390  -0.9403
1540  1.5400  -0.9403
1541  1.5410  -0.9403
1542  1.5420  -0.9403
1543  1.5430  -0.9403
1544  1.5440  -0.9403
1545  1.5450  -0.9403
1546  1.5460  -0.9403
1547  1.5470  -0.9403
1548  1.5480  -0.9403
1549  1.5490  -0.9403
1550  1.5500  -0.9403
1551  1.5510  -0.9403
1552  1.5520  -0.9403
1553  1.5530  -0.9403
1554  1.5540  -0.9403
1555  1.5550  -0.9403
1556  1.5560  -0.9402
1557  1.5570  -0.9402
1558  1.5580  -0.9402
1559  1.5590  -0.9402
1560  1.5600  -0.9402
1561  1.5610  -0.9402
1562  1.5620  -0.9402
1563  1.5630  -0.9402
1564  1.5640  -0.9402
1565  1.5650  -0.9402
1566  1.5660  -0.9402
1567  1.5670  -0.9402
1568  1.5680  -0.9402
1569  1.5690  -0.9402
1570  1.5700  -0.9402
1571  1.5710  -0.9402
1572  1.5720  -0.9401
1573  1.5730  -0.9401
1574  1.5740  -0.9401
1575  1.5750  -0.9401
1576  1.5760  -0.9401
1577  1.5770  -0.9401
1578  1.5780  -0.9401
1579  1.5790  -0.9401
1580  1.5800  -0.9401
1581  1.5810  -0.9401
1582  1.5820  -0.9401
1583  1.5830  -0.9401
1584  1.5840  -0.9401
1585  1.5850  -0.9400
1586  1.5860  -0.9400
1587  1.5870  -0.9400
1588  1.5880  -0.9400
1589  1.5890  -0.9400
1590  1.5900  -0.9400
1591  1.5910  -0.9400
1592  1.5920  -0.9400
1593  1.5930  -0.9400
1594  1.5940  -0.9400
1595  1.5950  -0.9400
1596  1.5960  -0.9400
1597  1.5970  -0.9399
1598  1.5980  -0.9399
1599  1.5990  -0.9399
1600  1.6000  -0.9399
1601  1.6010  -0.9399
1602  1.6020  -0.9399
1603  1.6030  -0.9399
1604  1.6040  -0.9399
1605  1.6050  -0.9399
1606  1.6060  -0.9399
1607  1.6070  -0.9398
1608  1.6080  -0.9398
1609  1.6090  -0.9398
1610  1.6100  -0.9398
1611  1.6110  -0.9398
1612  1.6120  -0.9398
1613  1.6130  -0.9398
1614  1.6140  -0.9398
1615  1.6150  -0.9398
1616  1.6160  -0.9397
1617  1.6170  -0.9397
1618  1.6180  -0.9397
1619  1.6190  -0.9397
1620  1.6200  -0.9397
1621  1.6210  -0.9397
1622  1.6220  -0.9397
1623  1.6230  -0.9397
1624  1.6240  -0.9397
1625  1.6250  -0.9396
1626  1.6260  -0.9396
1627  1.6270  -0.9396
1628  1.6280  -0.9396
1629  1.6290  -0.9396
1630  1.6300  -0.9396
1631  1.6310  -0.9396
1632  1.6320  -0.9396
1633  1.6330  -0.9395
1634  1.6340  -0.9395
1635  1.6350  -0.9395
1636  1.6360  -0.9395
1637  1.6370  -0.9395
1638  1.6380  -0.9395
1639  1.6390  -0.9395
1640  1.6400  -0.9394
1641  1.6410  -0.9394
1642  1.6420  -0.9394
1643  1.6430  -0.9394
1644  1.6440  -0.9394
1645  1.6450  -0.9394
1646  1.6460  -0.9394
1647  1.6470  -0.9393
1648  1.6480  -0.9393
1649  1.6490  -0.9393
1650  1.6500  -0.9393
1651  1.6510  -0.9393
1652  1.6520  -0.9393
1653  1.6530  -0.9393
1654  1.6540  -0.9392
1655  1.6550  -0.9392
1656  1.6560  -0.9392
1657  1.6570  -0.9392
1658  1.6580  -0.9392
1659  1.6590  -0.9392
1660  1.6600  -0.9392
1661  1.6610  -0.9391
1662  1.6620  -0.9391
1663  1.6630  -0.9391
1664  1.6640  -0.9391
1665  1.6650  -0.9391
1666  1.6660  -0.9391
1667  1.6670  -0.9390
1668  1.6680  -0.9390
1669  1.6690  -0.9390
1670  1.6700  -0.9390
1671  1.6710  -0.9390
1672  1.6720  -0.9390
1673  1.6730  -0.9389
1674  1.6740  -0.9389
1675  1.6750  -0.9389
1676  1.6760  -0.9389
1677  1.6770  -0.9389
1678  1.6780  -0.9389
1679  1.6790  -0.9388
1680  1.6800  -0.9388
1681  1.6810  -0.9388
1682  1.6820  -0.9388
1683  1.6830  -0.9388
1684  1.6840  -0.9388
1685  1.6850  -0.9387
1686  1.6860  -0.9387
1687  1.6870  -0.9387
1688  1.6880  -0.9387
1689  1.6890  -0.9387
1690  1.6900  -0.9386
1691  1.6910  -0.9386
1692  1.6920  -0.9386
1693  1.6930  -0.9386
1694  1.6940  -0.9386
1695  1.6950  -0.9385
1696  1.6960  -0.9385
1697  1.6970  -0.9385
1698  1.6980  -0.9385
1699  1.6990  -0.9385
1700  1.7000  -0.9384
1701  1.7010  -0.9384
1702  1.7020  -0.9384
1703  1.7030  -0.9384
1704  1.7040  -0.9384
1705  1.7050  -0.9383
1706  1.7060  -0.9383
1707  1.7070  -0.9383
1708  1.7080  -0.9383
1709  1.7090  -0.9383
1710  1.7100  -0.9382
1711  1.7110  -0.9382
1712  1.7120  -0.9382
1713  1.7130  -0.9382
1714  1.7140  -0.9382
1715  1.7150  -0.9381
1716  1.7160  -0.9381
1717  1.7170  -0.9381
1718  1.7180  -0.9381
1719  1.7190  -0.9381
1720  1.7200  -0.9380
1721  1.7210  -0.9380
1722  1.7220  -0.9380
1723  1.7230  -0.9380
1724  1.7240  -0.9379
1725  1.7250  -0.9379
1726  1.7260  -0.9379
1727  1.7270  -0.9379
1728  1.7280  -0.9379
1729  1.7290  -0.9378
1730  1.7300  -0.9378
1731  1.7310  -0.9378
1732  1.7320  -0.9378
1733  1.7330  -0.9377
1734  1.7340  -0.9377
1735  1.7350  -0.9377
1736  1.7360  -0.9377
1737  1.7370  -0.9376
1738  1.7380  -0.9376
1739  1.7390  -0.9376
1740  1.7400  -0.9376
1741  1.7410  -0.9375
1742  1.7420  -0.9375
1743  1.7430  -0.9375
1744  1.7440  -0.9375
1745  1.7450  -0.9375
1746  1.7460  -0.9374
1747  1.7470  -0.9374
1748  1.7480  -0.9374
1749  1.7490  -0.9374
1750  1.7500  -0.9373
1751  1.7510  -0.9373
1752  1.7520  -0.9373
1753  1.7530  -0.9373
1754  1.7540  -0.9372
1755  1.7550  -0.9372
1756  1.7560  -0.9372
1757  1.7570  -0.9371
1758  1.7580  -0.9371
1759  1.7590  -0.9371
1760  1.7600  -0.9371
1761  1.7610  -0.9370
1762  1.7620  -0.9370
1763  1.7630  -0.9370
1764  1.7640  -0.9370
1765  1.7650  -0.9369
1766  1.7660  -0.9369
1767  1.7670  -0.9369
1768  1.7680  -0.9369
1769  1.7690  -0.9368
1770  1.7700  -0.9368
1771  1.7710  -0.9368
1772  1.7720  -0.9367
1773  1.7730  -0.9367
1774  1.7740  -0.9367
1775  1.7750  -0.9367
1776  1.7760  -0.9366
1777  1.7770  -0.9366
1778  1.7780  -0.9366
1779  1.7790  -0.9366
1780  1.7800  -0.9365
1781  1.7810  -0.9365
1782  1.7820  -0.9365
1783  1.7830  -0.9364
1784  1.7840  -0.9364
1785  1.7850  -0.9364
1786  1.7860  -0.9363
1787  1.7870  -0.9363
1788  1.7880  -0.9363
1789  1.7890  -0.9363
1790  1.7900  -0.9362
1791  1.7910  -0.9362
1792  1.7920  -0.9362
1793  1.7930  -0.9361
1794  1.7940  -0.9361
1795  1.7950  -0.9361
1796  1.7960  -0.9361
1797  1.7970  -0.9360
1798  1.7980  -0.9360
1799  1.7990  -0.9360
1800  1.8000  -0.9359
1801  1.8010  -0.9359
1802  1.8020  -0.9359
1803  1.8030  -0.9358
1804  1.8040  -0.9358
1805  1.8050  -0.9358
1806  1.8060  -0.9357
1807  1.8070  -0.9357
1808  1.8080  -0.9357
1809  1.8090  -0.9356
1810  1.8100  -0.9356
1811  1.8110  -0.9356
1812  1.8120  -0.9355
1813  1.8130  -0.9355
1814  1.8140  -0.9355
1815  1.8150  -0.9355
1816  1.8160  -0.9354
1817  1.8170  -0.9354
1818  1.8180  -0.9354
1819  1.8190  -0.9353
1820  1.8200  -0.9353
1821  1.8210  -0.9353
1822  1.8220  -0.9352
1823  1.8230  -0.9352
1824  1.8240  -0.9352
1825  1.8250  -0.9351
1826  1.8260  -0.9351
1827  1.8270  -0.9351
1828  1.8280  -0.9350
1829  1.8290  -0.9350
1830  1.8300  -0.9349
1831  1.8310  -0.9349
1832  1.8320  -0.9349
1833  1.8330  -0.9348
1834  1.8340  -0.9348
1835  1.8350  -0.9348
1836  1.8360  -0.9347
1837  1.8370  -0.9347
1838  1.8380  -0.9347
1839  1.8390  -0.9346
1840  1.8400  -0.9346
1841  1.8410  -0.9346
1842  1.8420  -0.9345
1843  1.8430  -0.9345
1844  1.8440  -0.9345
1845  1.8450  -0.9344
1846  1.8460  -0.9344
1847  1.8470  -0.9343
1848  1.8480  -0.9343
1849  1.8490  -0.9343
1850  1.8500  -0.9342
1851  1.8510  -0.9342
1852  1.8520  -0.9342
1853  1.8530  -0.9341
1854  1.8540  -0.9341
1855  1.8550  -0.9340
1856  1.8560  -0.9340
1857  1.8570  -0.9340
1858  1.8580  -0.9339
1859  1.8590  -0.9339
1860  1.8600  -0.9339
1861  1.8610  -0.9338
1862  1.8620  -0.9338
1863  1.8630  -0.9337
1864  1.8640  -0.9337
1865  1.8650  -0.9337
1866  1.8660  -0.9336
1867  1.8670  -0.9336
1868  1.8680  -0.9335
1869  1.8690  -0.9335
1870  1.8700  -0.9335
1871  1.8710  -0.9334
1872  1.8720  -0.9334
1873  1.8730  -0.9333
1874  1.8740  -0.9333
1875  1.8750  -0.9333
1876  1.8760  -0.9332
1877  1.8770  -0.9332
1878  1.8780  -0.9331
1879  1.8790  -0.9331
1880  1.8800  -0.9331
1881  1.8810  -0.9330
1882  1.8820  -0.9330
1883  1.8830  -0.9329
1884  1.8840  -0.9329
1885  1.8850  -0.9329
1886  1.8860  -0.9328
1887  1.8870  -0.9328
1888  1.8880  -0.9327
1889  1.8890  -0.9327
1890  1.8900  -0.9326
1891  1.8910  -0.9326
1892  1.8920  -0.9326
1893  1.8930  -0.9325
1894  1.8940  -0.9325
1895  1.8950  -0.9324
1896  1.8960  -0.9324
1897  1.8970  -0.9323
1898  1.8980  -0.9323
1899  1.8990  -0.9323
1900  1.9000  -0.9322
1901  1.9010  -0.9322
1902  1.9020  -0.9321
1903  1.9030  -0.9321
1904  1.9040  -0.9320
1905  1.9050  -0.9320
1906  1.9060  -0.9319
1907  1.9070  -0.9319
1908  1.9080  -0.9319
1909  1.9090  -0.9318
1910  1.9100  -0.9318
1911  1.9110  -0.9317
1912  1.9120  -0.9317
1913  1.9130  -0.9316
1914  1.9140  -0.9316
1915  1.9150  -0.9315
1916  1.9160  -0.9315
1917  1.9170  -0.9314
1918  1.9180  -0.9314
1919  1.9190  -0.9314
1920  1.9200  -0.9313
1921  1.9210  -0.9313
1922  1.9220  -0.9312
1923  1.9230  -0.9312
1924  1.9240  -0.9311
1925  1.9250  -0.9311
1926  1.9260  -0.9310
1927  1.9270  -0.9310
1928  1.9280  -0.9309
1929  1.9290  -0.9309
1930  1.9300  -0.9308
1931  1.9310  -0.9308
1932  1.9320  -0.9307
1933  1.9330  -0.9307
1934  1.9340  -0.9306
1935  1.9350  -0.9306
1936  1.9360  -0.9305
1937  1.9370  -0.9305
1938  1.9380  -0.9304
1939  1.9390  -0.9304
1940  1.9400  -0.9303
1941  1.9410  -0.9303
1942  1.9420  -0.9302
1943  1.9430  -0.9302
1944  1.9440  -0.9301
1945  1.9450  -0.9301
1946  1.9460  -0.9300
1947  1.9470  -0.9300
1948  1.9480  -0.9299
1949  1.9490  -0.9299
1950  1.9500  -0.9298
1951  1.9510  -0.9298
1952  1.9520  -0.9297
1953  1.9530  -0.9297
1954  1.9540  -0.9296
1955  1.9550  -0.9296
1956  1.9560  -0.9295
1957  1.9570  -0.9295
1958  1.9580  -0.9294
1959  1.9590  -0.9294
1960  1.9600  -0.9293
1961  1.9610  -0.9293
1962  1.9620  -0.9292
1963  1.9630  -0.9292
1964  1.9640  -0.9291
1965  1.9650  -0.9291
1966  1.9660  -0.9290
1967  1.9670  -0.9289
1968  1.9680  -0.9289
1969  1.9690  -0.9288
1970  1.9700  -0.9288
1971  1.9710  -0.9287
1972  1.9720  -0.9287
1973  1.9730  -0.9286
1974  1.9740  -0.9286
1975  1.9750  -0.9285
1976  1.9760  -0.9285
1977  1.9770  -0.9284
1978  1.9780  -0.9283
1979  1.9790  -0.9283
1980  1.9800  -0.9282
1981  1.9810  -0.9282
1982  1.9820  -0.9281
1983  1.9830  -0.9281
1984  1.9840  -0.9280
1985  1.9850  -0.9279
1986  1.9860  -0.9279
1987  1.9870  -0.9278
1988  1.9880  -0.9278
1989  1.9890  -0.9277
1990  1.9900  -0.9277
1991  1.9910  -0.9276
1992  1.9920  -0.9275
1993  1.9930  -0.9275
1994  1.9940  -0.9274
1995  1.9950  -0.9274
1996  1.9960  -0.9273
1997  1.9970  -0.9272
1998  1.9980  -0.9272
1999  1.9990  -0.9271
2000  2.0000  -0.9271
2001  2.0010  -0.9270
2002  2.0020  -0.9270
2003  2.0030  -0.9269
2004  2.0040  -0.9268
2005  2.0050  -0.9268
2006  2.0060  -0.9267
2007  2.0070  -0.9267
2008  2.0080  -0.9266
2009  2.0090  -0.9265
2010  2.0100  -0.9265
2011  2.0110  -0.9264
2012  2.0120  -0.9263
2013  2.0130  -0.9263
2014  2.0140  -0.9262
2015  2.0150  -0.9262
2016  2.0160  -0.9261
2017  2.0170  -0.9260
2018  2.0180  -0.9260
2019  2.0190  -0.9259
2020  2.0200  -0.9258
2021  2.0210  -0.9258
2022  2.0220  -0.9257
2023  2.0230  -0.9257
2024  2.0240  -0.9256
2025  2.0250  -0.9255
2026  2.0260  -0.9255
2027  2.0270  -0.9254
2028  2.0280  -0.9253
2029  2.0290  -0.9253
2030  2.0300  -0.9252
2031  2.0310  -0.9251
2032  2.0320  -0.9251
2033  2.0330  -0.9250
2034  2.0340  -0.9249
2035  2.0350  -0.9249
2036  2.0360  -0.9248
2037  2.0370  -0.9247
2038  2.0380  -0.9247
2039  2.0390  -0.9246
2040  2.0400  -0.9245
2041  2.0410  -0.9245
2042  2.0420  -0.9244
2043  2.0430  -0.9243
2044  2.0440  -0.9243
2045  2.0450  -0.9242
2046  2.0460  -0.9241
2047  2.0470  -0.9241
2048  2.0480  -0.9240
2049  2.0490  -0.9239
2050  2.0500  -0.9239
2051  2.0510  -0.9238
2052  2.0520  -0.9237
2053  2.0530  -0.9237
2054  2.0540  -0.9236
2055  2.0550  -0.9235
2056  2.0560  -0.9235
2057  2.0570  -0.9234
2058  2.0580  -0.9233
2059  2.0590  -0.9232
2060  2.0600  -0.9232
2061  2.0610  -0.9231
2062  2.0620  -0.9230
2063  2.0630  -0.9230
2064  2.0640  -0.9229
2065  2.0650  -0.9228
2066  2.0660  -0.9227
2067  2.0670  -0.9227
2068  2.0680  -0.9226
2069  2.0690  -0.9225
2070  2.0700  -0.9224
2071  2.0710  -0.9224
2072  2.0720  -0.9223
2073  2.0730  -0.9222
2074  2.0740  -0.9222
2075  2.0750  -0.9221
2076  2.0760  -0.9220
2077  2.0770  -0.9219
2078  2.0780  -0.9219
2079  2.0790  -0.9218
2080  2.0800  -0.9217
2081  2.0810  -0.9216
2082  2.0820  -0.9216
2083  2.0830  -0.9215
2084  2.0840  -0.9214
2085  2.0850  -0.9213
2086  2.0860  -0.9213
2087  2.0870  -0.9212
2088  2.0880  -0.9211
2089  2.0890  -0.9210
2090  2.0900  -0.9209
2091  2.0910  -0.9209
2092  2.0920  -0.9208
2093  2.0930  -0.9207
2094  2.0940  -0.9206
2095  2.0950  -0.9206
2096  2.0960  -0.9205
2097  2.0970  -0.9204
2098  2.0980  -0.9203
2099  2.0990  -0.9202
2100  2.1000  -0.9202
2101  2.1010  -0.9201
2102  2.1020  -0.9200
2103  2.1030  -0.9199
2104  2.1040  -0.9198
2105  2.1050  -0.9198
2106  2.1060  -0.9197
2107  2.1070  -0.9196
2108  2.1080  -0.9195
2109  2.1090  -0.9194
2110  2.1100  -0.9194
2111  2.1110  -0.9193
2112  2.1120  -0.9192
2113  2.1130  -0.9191
2114  2.1140  -0.9190
2115  2.1150  -0.9189
2116  2.1160  -0.9189
2117  2.1170  -0.9188
2118  2.1180  -0.9187
2119  2.1190  -0.9186
2120  2.1200  -0.9185
2121  2.1210  -0.9184
2122  2.1220  -0.9184
2123  2.1230  -0.9183
2124  2.1240  -0.9182
2125  2.1250  -0.9181
2126  2.1260  -0.9180
2127  2.1270  -0.9179
2128  2.1280  -0.9179
2129  2.1290  -0.9178
2130  2.1300  -0.9177
2131  2.1310  -0.9176
2132  2.1320  -0.9175
2133  2.1330  -0.9174
2134  2.1340  -0.9173
2135  2.1350  -0.9172
2136  2.1360  -0.9172
2137  2.1370  -0.9171
2138  2.1380  -0.9170
2139  2.1390  -0.9169
2140  2.1400  -0.9168
2141  2.1410  -0.9167
2142  2.1420  -0.9166
2143  2.1430  -0.9165
2144  2.1440  -0.9164
2145  2.1450  -0.9164
2146  2.1460  -0.9163
2147  2.1470  -0.9162
2148  2.1480  -0.9161
2149  2.1490  -0.9160
2150  2.1500  -0.9159
2151  2.1510  -0.9158
2152  2.1520  -0.9157
2153  2.1530  -0.9156
2154  2.1540  -0.9155
2155  2.1550  -0.9154
2156  2.1560  -0.9153
2157  2.1570  -0.9153
2158  2.1580  -0.9152
2159  2.1590  -0.9151
2160  2.1600  -0.9150
2161  2.1610  -0.9149
2162  2.1620  -0.9148
2163  2.1630  -0.9147
2164  2.1640  -0.9146
2165  2.1650  -0.9145
2166  2.1660  -0.9144
2167  2.1670  -0.9143
2168  2.1680  -0.9142
2169  2.1690  -0.9141
2170  2.1700  -0.9140
2171  2.1710  -0.9139
2172  2.1720  -0.9138
2173  2.1730  -0.9137
2174  2.1740  -0.9136
2175  2.1750  -0.9135
2176  2.1760  -0.9134
2177  2.1770  -0.9133
2178  2.1780  -0.9132
2179  2.1790  -0.9131
2180  2.1800  -0.9130
2181  2.1810  -0.9129
2182  2.1820  -0.9128
2183  2.1830  -0.9127
2184  2.1840  -0.9126
2185  2.1850  -0.9125
2186  2.1860  -0.9124
2187  2.1870  -0.9123
2188  2.1880  -0.9122
2189  2.1890  -0.9121
2190  2.1900  -0.9120
2191  2.1910  -0.9119
2192  2.1920  -0.9118
2193  2.1930  -0.9117
2194  2.1940  -0.9116
2195  2.1950  -0.9115
2196  2.1960  -0.9114
2197  2.1970  -0.9113
2198  2.1980  -0.9112
2199  2.1990  -0.9111
2200  2.2000  -0.9110
2201  2.2010  -0.9109
2202  2.2020  -0.9108
2203  2.2030  -0.9107
2204  2.2040  -0.9106
2205  2.2050  -0.9105
2206  2.2060  -0.9103
2207  2.2070  -0.9102
2208  2.2080  -0.9101
2209  2.2090  -0.9100
2210  2.2100  -0.9099
2211  2.2110  -0.9098
2212  2.2120  -0.9097
2213  2.2130  -0.9096
2214  2.2140  -0.9095
2215  2.2150  -0.9094
2216  2.2160  -0.9093
2217  2.2170  -0.9092
2218  2.2180  -0.9090
2219  2.2190  -0.9089
2220  2.2200  -0.9088
2221  2.2210  -0.9087
2222  2.2220  -0.9086
2223  2.2230  -0.9085
2224  2.2240  -0.9084
2225  2.2250  -0.9083
2226  2.2260  -0.9081
2227  2.2270  -0.9080
2228  2.2280  -0.9079
2229  2.2290  -0.9078
2230  2.2300  -0.9077
2231  2.2310  -0.9076
2232  2.2320  -0.9075
2233  2.2330  -0.9073
2234  2.2340  -0.9072
2235  2.2350  -0.9071
2236  2.2360  -0.9070
2237  2.2370  -0.9069
2238  2.2380  -0.9068
2239  2.2390  -0.9066
2240  2.2400  -0.9065
2241  2.2410  -0.9064
2242  2.2420  -0.9063
2243  2.2430  -0.9062
2244  2.2440  -0.9060
2245  2.2450  -0.9059
2246  2.2460  -0.9058
2247  2.2470  -0.9057
2248  2.2480  -0.9056
2249  2.2490  -0.9054
2250  2.2500  -0.9053
2251  2.2510  -0.9052
2252  2.2520  -0.9051
2253  2.2530  -0.9050
2254  2.2540  -0.9048
2255  2.2550  -0.9047
2256  2.2560  -0.9046
2257  2.2570  -0.9045
2258  2.2580  -0.9043
2259  2.2590  -0.9042
2260  2.2600  -0.9041
2261  2.2610  -0.9040
2262  2.2620  -0.9038
2263  2.2630  -0.9037
2264  2.2640  -0.9036
2265  2.2650  -0.9035
2266  2.2660  -0.9033
2267  2.2670  -0.9032
2268  2.2680  -0.9031
2269  2.2690  -0.9029
2270  2.2700  -0.9028
2271  2.2710  -0.9027
2272  2.2720  -0.9026
2273  2.2730  -0.9024
2274  2.2740  -0.9023
2275  2.2750  -0.9022
2276  2.2760  -0.9020
2277  2.2770  -0.9019
2278  2.2780  -0.9018
2279  2.2790  -0.9016
2280  2.2800  -0.9015
2281  2.2810  -0.9014
2282  2.2820  -0.9012
2283  2.2830  -0.9011
2284  2.2840  -0.9010
2285  2.2850  -0.9008
2286  2.2860  -0.9007
2287  2.2870  -0.9006
2288  2.2880  -0.9004
2289  2.2890  -0.9003
2290  2.2900  -0.9002
2291  2.2910  -0.9000
2292  2.2920  -0.8999
2293  2.2930  -0.8997
2294  2.2940  -0.8996
2295  2.2950  -0.8995
2296  2.2960  -0.8993
2297  2.2970  -0.8992
2298  2.2980  -0.8990
2299  2.2990  -0.8989
2300  2.3000  -0.8988
2301  2.3010  -0.8986
2302  2.3020  -0.8985
2303  2.3030  -0.8983
2304  2.3040  -0.8982
2305  2.3050  -0.8981
2306  2.3060  -0.8979
2307  2.3070  -0.8978
2308  2.3080  -0.8976
2309  2.3090  -0.8975
2310  2.3100  -0.8973
2311  2.3110  -0.8972
2312  2.3120  -0.8970
2313  2.3130  -0.8969
2314  2.3140  -0.8967
2315  2.3150  -0.8966
2316  2.3160  -0.8965
2317  2.3170  -0.8963
2318  2.3180  -0.8962
2319  2.3190  -0.8960
2320  2.3200  -0.8959
2321  2.3210  -0.8957
2322  2.3220  -0.8956
2323  2.3230  -0.8954
2324  2.3240  -0.8953
2325  2.3250  -0.8951
2326  2.3260  -0.8950
2327  2.3270  -0.8948
2328  2.3280  -0.8946
2329  2.3290  -0.8945
2330  2.3300  -0.8943
2331  2.3310  -0.8942
2332  2.3320  -0.8940
2333  2.3330  -0.8939
2334  2.3340  -0.8937
2335  2.3350  -0.8936
2336  2.3360  -0.8934
2337  2.3370  -0.8932
2338  2.3380  -0.8931
2339  2.3390  -0.8929
2340  2.3400  -0.8928
2341  2.3410  -0.8926
2342  2.3420  -0.8925
2343  2.3430  -0.8923
2344  2.3440  -0.8921
2345  2.3450  -0.8920
2346  2.3460  -0.8918
2347  2.3470  -0.8916
2348  2.3480  -0.8915
2349  2.3490  -0.8913
2350  2.3500  -0.8912
2351  2.3510  -0.8910
2352  2.3520  -0.8908
2353  2.3530  -0.8907
2354  2.3540  -0.8905
2355  2.3550  -0.8903
2356  2.3560  -0.8902
2357  2.3570  -0.8900
2358  2.3580  -0.8898
2359  2.3590  -0.8897
2360  2.3600  -0.8895
2361  2.3610  -0.8893
2362  2.3620  -0.8892
2363  2.3630  -0.8890
2364  2.3640  -0.8888
2365  2.3650  -0.8886
2366  2.3660  -0.8885
2367  2.3670  -0.8883
2368  2.3680  -0.8881
2369  2.3690  -0.8880
2370  2.3700  -0.8878
2371  2.3710  -0.8876
2372  2.3720  -0.8874
2373  2.3730  -0.8873
2374  2.3740  -0.8871
2375  2.3750  -0.8869
2376  2.3760  -0.8867
2377  2.3770  -0.8865
2378  2.3780  -0.8864
2379  2.3790  -0.8862
2380  2.3800  -0.8860
2381  2.3810  -0.8858
2382  2.3820  -0.8857
2383  2.3830  -0.8855
2384  2.3840  -0.8853
2385  2.3850  -0.8851
2386  2.3860  -0.8849
2387  2.3870  -0.8847
2388  2.3880  -0.8846
2389  2.3890  -0.8844
2390  2.3900  -0.8842
2391  2.3910  -0.8840
2392  2.3920  -0.8838
2393  2.3930  -0.8836
2394  2.3940  -0.8834
2395  2.3950  -0.8833
2396  2.3960  -0.8831
2397  2.3970  -0.8829
2398  2.3980  -0.8827
2399  2.3990  -0.8825
2400  2.4000  -0.8823
2401  2.4010  -0.8821
2402  2.4020  -0.8819
2403  2.4030  -0.8817
2404  2.4040  -0.8815
2405  2.4050  -0.8813
2406  2.4060  -0.8811
2407  2.4070  -0.8809
2408  2.4080  -0.8808
2409  2.4090  -0.8806
2410  2.4100  -0.8804
2411  2.4110  -0.8802
2412  2.4120  -0.8800
2413  2.4130  -0.8798
2414  2.4140  -0.8796
2415  2.4150  -0.8794
2416  2.4160  -0.8792
2417  2.4170  -0.8790
2418  2.4180  -0.8788
2419  2.4190  -0.8786
2420  2.4200  -0.8784
2421  2.4210  -0.8781
2422  2.4220  -0.8779
2423  2.4230  -0.8777
2424  2.4240  -0.8775
2425  2.4250  -0.8773
2426  2.4260  -0.8771
2427  2.4270  -0.8769
2428  2.4280  -0.8767
2429  2.4290  -0.8765
2430  2.4300  -0.8763
2431  2.4310  -0.8761
2432  2.4320  -0.8759
2433  2.4330  -0.8756
2434  2.4340  -0.8754
2435  2.4350  -0.8752
2436  2.4360  -0.8750
2437  2.4370  -0.8748
2438  2.4380  -0.8746
2439  2.4390  -0.8744
2440  2.4400  -0.8741
2441  2.4410  -0.8739
2442  2.4420  -0.8737
2443  2.4430  -0.8735
2444  2.4440  -0.8733
2445  2.4450  -0.8730
2446  2.4460  -0.8728
2447  2.4470  -0.8726
2448  2.4480  -0.8724
2449  2.4490  -0.8722
2450  2.4500  -0.8719
2451  2.4510  -0.8717
2452  2.4520  -0.8715
2453  2.4530  -0.8713
2454  2.4540  -0.8710
2455  2.4550  -0.8708
2456  2.4560  -0.8706
2457  2.4570  -0.8703
2458  2.4580  -0.8701
2459  2.4590  -0.8699
2460  2.4600  -0.8696
2461  2.4610  -0.8694
2462  2.4620  -0.8692
2463  2.4630  -0.8689
2464  2.4640  -0.8687
2465  2.4650  -0.8685
2466  2.4660  -0.8682
2467  2.4670  -0.8680
2468  2.4680  -0.8678
2469  2.4690  -0.8675
2470  2.4700  -0.8673
2471  2.4710  -0.8670
2472  2.4720  -0.8668
2473  2.4730  -0.8666
2474  2.4740  -0.8663
2475  2.4750  -0.8661
2476  2.4760  -0.8658
2477  2.4770  -0.8656
2478  2.4780  -0.8653
2479  2.4790  -0.8651
2480  2.4800  -0.8648
2481  2.4810  -0.8646
2482  2.4820  -0.8643
2483  2.4830  -0.8641
2484  2.4840  -0.8638
2485  2.4850  -0.8636
2486  2.4860  -0.8633
2487  2.4870  -0.8631
2488  2.4880  -0.8628
2489  2.4890  -0.8626
2490  2.4900  -0.8623
2491  2.4910  -0.8621
2492  2.4920  -0.8618
2493  2.4930  -0.8615
2494  2.4940  -0.8613
2495  2.4950  -0.8610
2496  2.4960  -0.8607
2497  2.4970  -0.8605
2498  2.4980  -0.8602
2499  2.4990  -0.8600
2500  2.5000  -0.8597
2501  2.5010  -0.8594
2502  2.5020  -0.8592
2503  2.5030  -0.8589
2504  2.5040  -0.8586
2505  2.5050  -0.8583
2506  2.5060  -0.8581
2507  2.5070  -0.8578
2508  2.5080  -0.8575
2509  2.5090  -0.8573
2510  2.5100  -0.8570
2511  2.5110  -0.8567
2512  2.5120  -0.8564
2513  2.5130  -0.8562
2514  2.5140  -0.8559
2515  2.5150  -0.8556
2516  2.5160  -0.8553
2517  2.5170  -0.8550
2518  2.5180  -0.8547
2519  2.5190  -0.8545
2520  2.5200  -0.8542
2521  2.5210  -0.8539
2522  2.5220  -0.8536
2523  2.5230  -0.8533
2524  2.5240  -0.8530
2525  2.5250  -0.8527
2526  2.5260  -0.8524
2527  2.5270  -0.8522
2528  2.5280  -0.8519
2529  2.5290  -0.8516
2530  2.5300  -0.8513
2531  2.5310  -0.8510
2532  2.5320  -0.8507
2533  2.5330  -0.8504
2534  2.5340  -0.8501
2535  2.5350  -0.8498
2536  2.5360  -0.8495
2537  2.5370  -0.8492
2538  2.5380  -0.8489
2539  2.5390  -0.8486
2540  2.5400  -0.8483
2541  2.5410  -0.8479
2542  2.5420  -0.8476
2543  2.5430  -0.8473
2544  2.5440  -0.8470
2545  2.5450  -0.8467
2546  2.5460  -0.8464
2547  2.5470  -0.8461
2548  2.5480  -0.8458
2549  2.5490  -0.8454
2550  2.5500  -0.8451
2551  2.5510  -0.8448
2552  2.5520  -0.8445
2553  2.5530  -0.8442
2554  2.5540  -0.8438
2555  2.5550  -0.8435
2556  2.5560  -0.8432
2557  2.5570  -0.8429
2558  2.5580  -0.8425
2559  2.5590  -0.8422
2560  2.5600  -0.8419
2561  2.5610  -0.8416
2562  2.5620  -0.8412
2563  2.5630  -0.8409
2564  2.5640  -0.8406
2565  2.5650  -0.8402
2566  2.5660  -0.8399
2567  2.5670  -0.8395
2568  2.5680  -0.8392
2569  2.5690  -0.8389
2570  2.5700  -0.8385
2571  2.5710  -0.8382
2572  2.5720  -0.8378
2573  2.5730  -0.8375
2574  2.5740  -0.8371
2575  2.5750  -0.8368
2576  2.5760  -0.8364
2577  2.5770  -0.8361
2578  2.5780  -0.8357
2579  2.5790  -0.8354
2580  2.5800  -0.8350
2581  2.5810  -0.8347
2582  2.5820  -0.8343
2583  2.5830  -0.8340
2584  2.5840  -0.8336
2585  2.5850  -0.8332
2586  2.5860  -0.8329
2587  2.5870  -0.8325
2588  2.5880  -0.8321
2589  2.5890  -0.8318
2590  2.5900  -0.8314
2591  2.5910  -0.8310
2592  2.5920  -0.8307
2593  2.5930  -0.8303
2594  2.5940  -0.8299
2595  2.5950  -0.8295
2596  2.5960  -0.8292
2597  2.5970  -0.8288
2598  2.5980  -0.8284
2599  2.5990  -0.8280
2600  2.6000  -0.8276
2601  2.6010  -0.8272
2602  2.6020  -0.8269
2603  2.6030  -0.8265
2604  2.6040  -0.8261
2605  2.6050  -0.8257
2606  2.6060  -0.8253
2607  2.6070  -0.8249
2608  2.6080  -0.8245
2609  2.6090  -0.8241
2610  2.6100  -0.8237
2611  2.6110  -0.8233
2612  2.6120  -0.8229
2613  2.6130  -0.8225
2614  2.6140  -0.8221
2615  2.6150  -0.8217
2616  2.6160  -0.8213
2617  2.6170  -0.8209
2618  2.6180  -0.8205
2619  2.6190  -0.8200
2620  2.6200  -0.8196
2621  2.6210  -0.8192
2622  2.6220  -0.8188
2623  2.6230  -0.8184
2624  2.6240  -0.8180
2625  2.6250  -0.8175
2626  2.6260  -0.8171
2627  2.6270  -0.8167
2628  2.6280  -0.8162
2629  2.6290  -0.8158
2630  2.6300  -0.8154
2631  2.6310  -0.8150
2632  2.6320  -0.8145
2633  2.6330  -0.8141
2634  2.6340  -0.8136
2635  2.6350  -0.8132
2636  2.6360  -0.8128
2637  2.6370  -0.8123
2638  2.6380  -0.8119
2639  2.6390  -0.8114
2640  2.6400  -0.8110
2641  2.6410  -0.8105
2642  2.6420  -0.8101
2643  2.6430  -0.8096
2644  2.6440  -0.8091
2645  2.6450  -0.8087
2646  2.6460  -0.8082
2647  2.6470  -0.8078
2648  2.6480  -0.8073
2649  2.6490  -0.8068
2650  2.6500  -0.8064
2651  2.6510  -0.8059
2652  2.6520  -0.8054
2653  2.6530  -0.8049
2654  2.6540  -0.8045
2655  2.6550  -0.8040
2656  2.6560  -0.8035
2657  2.6570  -0.8030
2658  2.6580  -0.8025
2659  2.6590  -0.8020
2660  2.6600  -0.8015
2661  2.6610  -0.8011
2662  2.6620  -0.8006
2663  2.6630  -0.8001
2664  2.6640  -0.7996
2665  2.6650  -0.7991
2666  2.6660  -0.7986
2667  2.6670  -0.7981
2668  2.6680  -0.7975
2669  2.6690  -0.7970
2670  2.6700  -0.7965
2671  2.6710  -0.7960
2672  2.6720  -0.7955
2673  2.6730  -0.7950
2674  2.6740  -0.7945
2675  2.6750  -0.7939
2676  2.6760  -0.7934
2677  2.6770  -0.7929
2678  2.6780  -0.7923
2679  2.6790  -0.7918
2680  2.6800  -0.7913
2681  2.6810  -0.7907
2682  2.6820  -0.7902
2683  2.6830  -0.7897
2684  2.6840  -0.7891
2685  2.6850  -0.7886
2686  2.6860  -0.7880
2687  2.6870  -0.7875
2688  2.6880  -0.7869
2689  2.6890  -0.7864
2690  2.6900  -0.7858
2691  2.6910  -0.7852
2692  2.6920  -0.7847
2693  2.6930  -0.7841
2694  2.6940  -0.7835
2695  2.6950  -0.7830
2696  2.6960  -0.7824
2697  2.6970  -0.7818
2698  2.6980  -0.7812
2699  2.6990  -0.7807
2700  2.7000  -0.7801
2701  2.7010  -0.7795
2702  2.7020  -0.7789
2703  2.7030  -0.7783
2704  2.7040  -0.7777
2705  2.7050  -0.7771
2706  2.7060  -0.7765
2707  2.7070  -0.7759
2708  2.7080  -0.7753
2709  2.7090  -0.7747
2710  2.7100  -0.7741
2711  2.7110  -0.7735
2712  2.7120  -0.7728
2713  2.7130  -0.7722
2714  2.7140  -0.7716
2715  2.7150  -0.7710
2716  2.7160  -0.7703
2717  2.7170  -0.7697
2718  2.7180  -0.7691
2719  2.7190  -0.7684
2720  2.7200  -0.7678
2721  2.7210  -0.7671
2722  2.7220  -0.7665
2723  2.7230  -0.7658
2724  2.7240  -0.7652
2725  2.7250  -0.7645
2726  2.7260  -0.7639
2727  2.7270  -0.7632
2728  2.7280  -0.7625
2729  2.7290  -0.7619
2730  2.7300  -0.7612
2731  2.7310  -0.7605
2732  2.7320  -0.7598
2733  2.7330  -0.7592
2734  2.7340  -0.7585
2735  2.7350  -0.7578
2736  2.7360  -0.7571
2737  2.7370  -0.7564
2738  2.7380  -0.7557
2739  2.7390  -0.7550
2740  2.7400  -0.7543
2741  2.7410  -0.7536
2742  2.7420  -0.7528
2743  2.7430  -0.7521
2744  2.7440  -0.7514
2745  2.7450  -0.7507
2746  2.7460  -0.7500
2747  2.7470  -0.7492
2748  2.7480  -0.7485
2749  2.7490  -0.7477
2750  2.7500  -0.7470
2751  2.7510  -0.7463
2752  2.7520  -0.7455
2753  2.7530  -0.7447
2754  2.7540  -0.7440
2755  2.7550  -0.7432
2756  2.7560  -0.7425
2757  2.7570  -0.7417
2758  2.7580  -0.7409
2759  2.7590  -0.7401
2760  2.7600  -0.7394
2761  2.7610  -0.7386
2762  2.7620  -0.7378
2763  2.7630  -0.7370
2764  2.7640  -0.7362
2765  2.7650  -0.7354
2766  2.7660  -0.7346
2767  2.7670  -0.7338
2768  2.7680  -0.7329
2769  2.7690  -0.7321
2770  2.7700  -0.7313
2771  2.7710  -0.7305
2772  2.7720  -0.7296
2773  2.7730  -0.7288
2774  2.7740  -0.7280
2775  2.7750  -0.7271
2776  2.7760  -0.7263
2777  2.7770  -0.7254
2778  2.7780  -0.7245
2779  2.7790  -0.7237
2780  2.7800  -0.7228
2781  2.7810  -0.7219
2782  2.7820  -0.7211
2783  2.7830  -0.7202
2784  2.7840  -0.7193
2785  2.7850  -0.7184
2786  2.7860  -0.7175
2787  2.7870  -0.7166
2788  2.7880  -0.7157
2789  2.7890  -0.7148
2790  2.7900  -0.7138
2791  2.7910  -0.7129
2792  2.7920  -0.7120
2793  2.7930  -0.7111
2794  2.7940  -0.7101
2795  2.7950  -0.7092
2796  2.7960  -0.7082
2797  2.7970  -0.7073
2798  2.7980  -0.7063
2799  2.7990  -0.7053
2800  2.8000  -0.7044
2801  2.8010  -0.7034
2802  2.8020  -0.7024
2803  2.8030  -0.7014
2804  2.8040  -0.7004
2805  2.8050  -0.6994
2806  2.8060  -0.6984
2807  2.8070  -0.6974
2808  2.8080  -0.6964
2809  2.8090  -0.6954
2810  2.8100  -0.6943
2811  2.8110  -0.6933
2812  2.8120  -0.6922
2813  2.8130  -0.6912
2814  2.8140  -0.6901
2815  2.8150  -0.6891
2816  2.8160  -0.6880
2817  2.8170  -0.6869
2818  2.8180  -0.6859
2819  2.8190  -0.6848
2820  2.8200  -0.6837
2821  2.8210  -0.6826
2822  2.8220  -0.6815
2823  2.8230  -0.6804
2824  2.8240  -0.6792
2825  2.8250  -0.6781
2826  2.8260  -0.6770
2827  2.8270  -0.6758
2828  2.8280  -0.6747
2829  2.8290  -0.6735
2830  2.8300  -0.6724
2831  2.8310  -0.6712
2832  2.8320  -0.6700
2833  2.8330  -0.6688
2834  2.8340  -0.6676
2835  2.8350  -0.6665
2836  2.8360  -0.6652
2837  2.8370  -0.6640
2838  2.8380  -0.6628
2839  2.8390  -0.6616
2840  2.8400  -0.6603
2841  2.8410  -0.6591
2842  2.8420  -0.6578
2843  2.8430  -0.6566
2844  2.8440  -0.6553
2845  2.8450  -0.6540
2846  2.8460  -0.6527
2847  2.8470  -0.6514
2848  2.8480  -0.6501
2849  2.8490  -0.6488
2850  2.8500  -0.6475
2851  2.8510  -0.6462
2852  2.8520  -0.6448
2853  2.8530  -0.6435
2854  2.8540  -0.6421
2855  2.8550  -0.6407
2856  2.8560  -0.6394
2857  2.8570  -0.6380
2858  2.8580  -0.6366
2859  2.8590  -0.6352
2860  2.8600  -0.6338
2861  2.8610  -0.6323
2862  2.8620  -0.6309
2863  2.8630  -0.6295
2864  2.8640  -0.6280
2865  2.8650  -0.6265
2866  2.8660  -0.6250
2867  2.8670  -0.6236
2868  2.8680  -0.6221
2869  2.8690  -0.6205
2870  2.8700  -0.6190
2871  2.8710  -0.6175
2872  2.8720  -0.6160
2873  2.8730  -0.6144
2874  2.8740  -0.6128
2875  2.8750  -0.6113
2876  2.8760  -0.6097
2877  2.8770  -0.6081
2878  2.8780  -0.6065
2879  2.8790  -0.6048
2880  2.8800  -0.6032
2881  2.8810  -0.6015
2882  2.8820  -0.5999
2883  2.8830  -0.5982
2884  2.8840  -0.5965
2885  2.8850  -0.5948
2886  2.8860  -0.5931
2887  2.8870  -0.5914
2888  2.8880  -0.5896
2889  2.8890  -0.5879
2890  2.8900  -0.5861
2891  2.8910  -0.5843
2892  2.8920  -0.5825
2893  2.8930  -0.5807
2894  2.8940  -0.5789
2895  2.8950  -0.5770
2896  2.8960  -0.5752
2897  2.8970  -0.5733
2898  2.8980  -0.5714
2899  2.8990  -0.5695
2900  2.9000  -0.5676
2901  2.9010  -0.5657
2902  2.9020  -0.5637
2903  2.9030  -0.5618
2904  2.9040  -0.5598
2905  2.9050  -0.5578
2906  2.9060  -0.5557
2907  2.9070  -0.5537
2908  2.9080  -0.5517
2909  2.9090  -0.5496
2910  2.9100  -0.5475
2911  2.9110  -0.5454
2912  2.9120  -0.5433
2913  2.9130  -0.5411
2914  2.9140  -0.5389
2915  2.9150  -0.5367
2916  2.9160  -0.5345
2917  2.9170  -0.5323
2918  2.9180  -0.5301
2919  2.9190  -0.5278
2920  2.9200  -0.5255
2921  2.9210  -0.5232
2922  2.9220  -0.5208
2923  2.9230  -0.5185
2924  2.9240  -0.5161
2925  2.9250  -0.5137
2926  2.9260  -0.5113
2927  2.9270  -0.5088
2928  2.9280  -0.5063
2929  2.9290  -0.5038
2930  2.9300  -0.5013
2931  2.9310  -0.4987
2932  2.9320  -0.4961
2933  2.9330  -0.4935
2934  2.9340  -0.4909
2935  2.9350  -0.4882
2936  2.9360  -0.4855
2937  2.9370  -0.4828
2938  2.9380  -0.4800
2939  2.9390  -0.4772
2940  2.9400  -0.4744
2941  2.9410  -0.4716
2942  2.9420  -0.4687
2943  2.9430  -0.4657
2944  2.9440  -0.4628
2945  2.9450  -0.4598
2946  2.9460  -0.4568
2947  2.9470  -0.4538
2948  2.9480  -0.4506
2949  2.9490  -0.4475
2950  2.9500  -0.4443
2951  2.9510  -0.4410
2952  2.9520  -0.4378
2953  2.9530  -0.4346
2954  2.9540  -0.4311
2955  2.9550  -0.4278
2956  2.9560  -0.4244
2957  2.9570  -0.4208
2958  2.9580  -0.4174
2959  2.9590  -0.4137
2960  2.9600  -0.4101
2961  2.9610  -0.4066
2962  2.9620  -0.4026
2963  2.9630  -0.3991
2964  2.9640  -0.3950
2965  2.9650  -0.3911
2966  2.9660  -0.3873
2967  2.9670  -0.3830
2968  2.9680  -0.3792
2969  2.9690  -0.3746
2970  2.9700  -0.3708
2971  2.9710  -0.3663
2972  2.9720  -0.3619
2973  2.9730  -0.3574
2974  2.9740  -0.3527
2975  2.9750  -0.3484
2976  2.9760  -0.3434
2977  2.9770  -0.3388
2978  2.9780  -0.3337
2979  2.9790  -0.3287
2980  2.9800  -0.3236
2981  2.9810  -0.3180
2982  2.9820  -0.3133
2983  2.9830  -0.3071
2984  2.9840  -0.3020
2985  2.9850  -0.2965
2986  2.9860  -0.2898
2987  2.9870  -0.2838
2988  2.9880  -0.2783
2989  2.9890  -0.2718
2990  2.9900  -0.2647
2991  2.9910  -0.2576
2992  2.9920  -0.2509
2993  2.9930  -0.2439
2994  2.9940  -0.2357
2995  2.9950  -0.2161
