   1  0.0010   0.1275E-14
   2  0.0020   0.1230E-14
   3  0.0030   0.1248E-14
   4  0.0040   0.1255E-14
   5  0.0050   0.1254E-14
   6  0.0060   0.1253E-14
   7  0.0070   0.1254E-14
   8  0.0080   0.1262E-14
   9  0.0090   0.1269E-14
  10  0.0100   0.1267E-14
  11  0.0110   0.1270E-14
  12  0.0120   0.1279E-14
  13  0.0130   0.1278E-14
  14  0.0140   0.1285E-14
  15  0.0150   0.1288E-14
  16  0.0160   0.1290E-14
  17  0.0170   0.1296E-14
  18  0.0180   0.1297E-14
  19  0.0190   0.1303E-14
  20  0.0200   0.1305E-14
  21  0.0210   0.1311E-14
  22  0.0220   0.1314E-14
  23  0.0230   0.1319E-14
  24  0.0240   0.1322E-14
  25  0.0250   0.1326E-14
  26  0.0260   0.1331E-14
  27  0.0270   0.1334E-14
  28  0.0280   0.1339E-14
  29  0.0290   0.1342E-14
  30  0.0300   0.1347E-14
  31  0.0310   0.1351E-14
  32  0.0320   0.1355E-14
  33  0.0330   0.1360E-14
  34  0.0340   0.1363E-14
  35  0.0350   0.1368E-14
  36  0.0360   0.1373E-14
  37  0.0370   0.1377E-14
  38  0.0380   0.1382E-14
  39  0.0390   0.1386E-14
  40  0.0400   0.1391E-14
  41  0.0410   0.1395E-14
  42  0.0420   0.1400E-14
  43  0.0430   0.1404E-14
  44  0.0440   0.1409E-14
  45  0.0450   0.1413E-14
  46  0.0460   0.1418E-14
  47  0.0470   0.1423E-14
  48  0.0480   0.1427E-14
  49  0.0490   0.1432E-14
  50  0.0500   0.1437E-14
  51  0.0510   0.1441E-14
  52  0.0520   0.1446E-14
  53  0.0530   0.1451E-14
  54  0.0540   0.1456E-14
  55  0.0550   0.1460E-14
  56  0.0560   0.1465E-14
  57  0.0570   0.1470E-14
  58  0.0580   0.1475E-14
  59  0.0590   0.1480E-14
  60  0.0600   0.1484E-14
  61  0.0610   0.1489E-14
  62  0.0620   0.1494E-14
  63  0.0630   0.1499E-14
  64  0.0640   0.1504E-14
  65  0.0650   0.1509E-14
  66  0.0660   0.1514E-14
  67  0.0670   0.1519E-14
  68  0.0680   0.1524E-14
  69  0.0690   0.1529E-14
  70  0.0700   0.1534E-14
  71  0.0710   0.1538E-14
  72  0.0720   0.1543E-14
  73  0.0730   0.1548E-14
  74  0.0740   0.1553E-14
  75  0.0750   0.1558E-14
  76  0.0760   0.1563E-14
  77  0.0770   0.1568E-14
  78  0.0780   0.1573E-14
  79  0.0790   0.1578E-14
  80  0.0800   0.1584E-14
  81  0.0810   0.1589E-14
  82  0.0820   0.1594E-14
  83  0.0830   0.1599E-14
  84  0.0840   0.1604E-14
  85  0.0850   0.1609E-14
  86  0.0860   0.1614E-14
  87  0.0870   0.1619E-14
  88  0.0880   0.1624E-14
  89  0.0890   0.1629E-14
  90  0.0900   0.1634E-14
  91  0.0910   0.1639E-14
  92  0.0920   0.1645E-14
  93  0.0930   0.1650E-14
  94  0.0940   0.1655E-14
  95  0.0950   0.1660E-14
  96  0.0960   0.1665E-14
  97  0.0970   0.1670E-14
  98  0.0980   0.1675E-14
  99  0.0990   0.1680E-14
 100  0.1000   0.1686E-14
 101  0.1010   0.1691E-14
 102  0.1020   0.1696E-14
 103  0.1030   0.1701E-14
 104  0.1040   0.1706E-14
 105  0.1050   0.1711E-14
 106  0.1060   0.1717E-14
 107  0.1070   0.1722E-14
 108  0.1080   0.1727E-14
 109  0.1090   0.1732E-14
 110  0.1100   0.1737E-14
 111  0.1110   0.1743E-14
 112  0.1120   0.1748E-14
 113  0.1130   0.1753E-14
 114  0.1140   0.1758E-14
 115  0.1150   0.1764E-14
 116  0.1160   0.1769E-14
 117  0.1170   0.1774E-14
 118  0.1180   0.1779E-14
 119  0.1190   0.1784E-14
 120  0.1200   0.1790E-14
 121  0.1210   0.1795E-14
 122  0.1220   0.1800E-14
 123  0.1230   0.1805E-14
 124  0.1240   0.1811E-14
 125  0.1250   0.1816E-14
 126  0.1260   0.1821E-14
 127  0.1270   0.1826E-14
 128  0.1280   0.1832E-14
 129  0.1290   0.1837E-14
 130  0.1300   0.1842E-14
 131  0.1310   0.1848E-14
 132  0.1320   0.1853E-14
 133  0.1330   0.1858E-14
 134  0.1340   0.1863E-14
 135  0.1350   0.1869E-14
 136  0.1360   0.1874E-14
 137  0.1370   0.1879E-14
 138  0.1380   0.1885E-14
 139  0.1390   0.1890E-14
 140  0.1400   0.1895E-14
 141  0.1410   0.1900E-14
 142  0.1420   0.1906E-14
 143  0.1430   0.1911E-14
 144  0.1440   0.1916E-14
 145  0.1450   0.1922E-14
 146  0.1460   0.1927E-14
 147  0.1470   0.1932E-14
 148  0.1480   0.1938E-14
 149  0.1490   0.1943E-14
 150  0.1500   0.1948E-14
 151  0.1510   0.1954E-14
 152  0.1520   0.1959E-14
 153  0.1530   0.1964E-14
 154  0.1540   0.1970E-14
 155  0.1550   0.1975E-14
 156  0.1560   0.1980E-14
 157  0.1570   0.1986E-14
 158  0.1580   0.1991E-14
 159  0.1590   0.1997E-14
 160  0.1600   0.2002E-14
 161  0.1610   0.2007E-14
 162  0.1620   0.2013E-14
 163  0.1630   0.2018E-14
 164  0.1640   0.2023E-14
 165  0.1650   0.2029E-14
 166  0.1660   0.2034E-14
 167  0.1670   0.2039E-14
 168  0.1680   0.2045E-14
 169  0.1690   0.2050E-14
 170  0.1700   0.2056E-14
 171  0.1710   0.2061E-14
 172  0.1720   0.2066E-14
 173  0.1730   0.2072E-14
 174  0.1740   0.2077E-14
 175  0.1750   0.2082E-14
 176  0.1760   0.2088E-14
 177  0.1770   0.2093E-14
 178  0.1780   0.2099E-14
 179  0.1790   0.2104E-14
 180  0.1800   0.2109E-14
 181  0.1810   0.2115E-14
 182  0.1820   0.2120E-14
 183  0.1830   0.2126E-14
 184  0.1840   0.2131E-14
 185  0.1850   0.2136E-14
 186  0.1860   0.2142E-14
 187  0.1870   0.2147E-14
 188  0.1880   0.2153E-14
 189  0.1890   0.2158E-14
 190  0.1900   0.2163E-14
 191  0.1910   0.2169E-14
 192  0.1920   0.2174E-14
 193  0.1930   0.2180E-14
 194  0.1940   0.2185E-14
 195  0.1950   0.2191E-14
 196  0.1960   0.2196E-14
 197  0.1970   0.2201E-14
 198  0.1980   0.2207E-14
 199  0.1990   0.2212E-14
 200  0.2000   0.2218E-14
 201  0.2010   0.2223E-14
 202  0.2020   0.2229E-14
 203  0.2030   0.2234E-14
 204  0.2040   0.2239E-14
 205  0.2050   0.2245E-14
 206  0.2060   0.2250E-14
 207  0.2070   0.2256E-14
 208  0.2080   0.2261E-14
 209  0.2090   0.2267E-14
 210  0.2100   0.2272E-14
 211  0.2110   0.2277E-14
 212  0.2120   0.2283E-14
 213  0.2130   0.2288E-14
 214  0.2140   0.2294E-14
 215  0.2150   0.2299E-14
 216  0.2160   0.2305E-14
 217  0.2170   0.2310E-14
 218  0.2180   0.2316E-14
 219  0.2190   0.2321E-14
 220  0.2200   0.2326E-14
 221  0.2210   0.2332E-14
 222  0.2220   0.2337E-14
 223  0.2230   0.2343E-14
 224  0.2240   0.2348E-14
 225  0.2250   0.2354E-14
 226  0.2260   0.2359E-14
 227  0.2270   0.2365E-14
 228  0.2280   0.2370E-14
 229  0.2290   0.2376E-14
 230  0.2300   0.2381E-14
 231  0.2310   0.2387E-14
 232  0.2320   0.2392E-14
 233  0.2330   0.2397E-14
 234  0.2340   0.2403E-14
 235  0.2350   0.2408E-14
 236  0.2360   0.2414E-14
 237  0.2370   0.2419E-14
 238  0.2380   0.2425E-14
 239  0.2390   0.2430E-14
 240  0.2400   0.2436E-14
 241  0.2410   0.2441E-14
 242  0.2420   0.2447E-14
 243  0.2430   0.2452E-14
 244  0.2440   0.2458E-14
 245  0.2450   0.2463E-14
 246  0.2460   0.2469E-14
 247  0.2470   0.2474E-14
 248  0.2480   0.2479E-14
 249  0.2490   0.2485E-14
 250  0.2500   0.2490E-14
 251  0.2510   0.2496E-14
 252  0.2520   0.2501E-14
 253  0.2530   0.2507E-14
 254  0.2540   0.2512E-14
 255  0.2550   0.2518E-14
 256  0.2560   0.2523E-14
 257  0.2570   0.2529E-14
 258  0.2580   0.2534E-14
 259  0.2590   0.2540E-14
 260  0.2600   0.2545E-14
 261  0.2610   0.2551E-14
 262  0.2620   0.2556E-14
 263  0.2630   0.2562E-14
 264  0.2640   0.2567E-14
 265  0.2650   0.2573E-14
 266  0.2660   0.2578E-14
 267  0.2670   0.2584E-14
 268  0.2680   0.2589E-14
 269  0.2690   0.2595E-14
 270  0.2700   0.2600E-14
 271  0.2710   0.2606E-14
 272  0.2720   0.2611E-14
 273  0.2730   0.2617E-14
 274  0.2740   0.2622E-14
 275  0.2750   0.2627E-14
 276  0.2760   0.2633E-14
 277  0.2770   0.2638E-14
 278  0.2780   0.2644E-14
 279  0.2790   0.2649E-14
 280  0.2800   0.2655E-14
 281  0.2810   0.2660E-14
 282  0.2820   0.2666E-14
 283  0.2830   0.2671E-14
 284  0.2840   0.2677E-14
 285  0.2850   0.2682E-14
 286  0.2860   0.2688E-14
 287  0.2870   0.2693E-14
 288  0.2880   0.2699E-14
 289  0.2890   0.2704E-14
 290  0.2900   0.2710E-14
 291  0.2910   0.2715E-14
 292  0.2920   0.2721E-14
 293  0.2930   0.2726E-14
 294  0.2940   0.2732E-14
 295  0.2950   0.2737E-14
 296  0.2960   0.2743E-14
 297  0.2970   0.2748E-14
 298  0.2980   0.2754E-14
 299  0.2990   0.2759E-14
 300  0.3000   0.2765E-14
 301  0.3010   0.2770E-14
 302  0.3020   0.2776E-14
 303  0.3030   0.2781E-14
 304  0.3040   0.2787E-14
 305  0.3050   0.2792E-14
 306  0.3060   0.2798E-14
 307  0.3070   0.2803E-14
 308  0.3080   0.2809E-14
 309  0.3090   0.2814E-14
 310  0.3100   0.2820E-14
 311  0.3110   0.2825E-14
 312  0.3120   0.2831E-14
 313  0.3130   0.2836E-14
 314  0.3140   0.2842E-14
 315  0.3150   0.2847E-14
 316  0.3160   0.2853E-14
 317  0.3170   0.2858E-14
 318  0.3180   0.2864E-14
 319  0.3190   0.2869E-14
 320  0.3200   0.2874E-14
 321  0.3210   0.2880E-14
 322  0.3220   0.2885E-14
 323  0.3230   0.2891E-14
 324  0.3240   0.2896E-14
 325  0.3250   0.2902E-14
 326  0.3260   0.2907E-14
 327  0.3270   0.2913E-14
 328  0.3280   0.2918E-14
 329  0.3290   0.2924E-14
 330  0.3300   0.2929E-14
 331  0.3310   0.2935E-14
 332  0.3320   0.2940E-14
 333  0.3330   0.2946E-14
 334  0.3340   0.2951E-14
 335  0.3350   0.2957E-14
 336  0.3360   0.2962E-14
 337  0.3370   0.2968E-14
 338  0.3380   0.2973E-14
 339  0.3390   0.2979E-14
 340  0.3400   0.2984E-14
 341  0.3410   0.2990E-14
 342  0.3420   0.2995E-14
 343  0.3430   0.3001E-14
 344  0.3440   0.3006E-14
 345  0.3450   0.3012E-14
 346  0.3460   0.3017E-14
 347  0.3470   0.3023E-14
 348  0.3480   0.3028E-14
 349  0.3490   0.3033E-14
 350  0.3500   0.3039E-14
 351  0.3510   0.3044E-14
 352  0.3520   0.3050E-14
 353  0.3530   0.3055E-14
 354  0.3540   0.3061E-14
 355  0.3550   0.3066E-14
 356  0.3560   0.3072E-14
 357  0.3570   0.3077E-14
 358  0.3580   0.3083E-14
 359  0.3590   0.3088E-14
 360  0.3600   0.3094E-14
 361  0.3610   0.3099E-14
 362  0.3620   0.3105E-14
 363  0.3630   0.3110E-14
 364  0.3640   0.3116E-14
 365  0.3650   0.3121E-14
 366  0.3660   0.3126E-14
 367  0.3670   0.3132E-14
 368  0.3680   0.3137E-14
 369  0.3690   0.3143E-14
 370  0.3700   0.3148E-14
 371  0.3710   0.3154E-14
 372  0.3720   0.3159E-14
 373  0.3730   0.3165E-14
 374  0.3740   0.3170E-14
 375  0.3750   0.3176E-14
 376  0.3760   0.3181E-14
 377  0.3770   0.3187E-14
 378  0.3780   0.3192E-14
 379  0.3790   0.3197E-14
 380  0.3800   0.3203E-14
 381  0.3810   0.3208E-14
 382  0.3820   0.3214E-14
 383  0.3830   0.3219E-14
 384  0.3840   0.3225E-14
 385  0.3850   0.3230E-14
 386  0.3860   0.3236E-14
 387  0.3870   0.3241E-14
 388  0.3880   0.3247E-14
 389  0.3890   0.3252E-14
 390  0.3900   0.3257E-14
 391  0.3910   0.3263E-14
 392  0.3920   0.3268E-14
 393  0.3930   0.3274E-14
 394  0.3940   0.3279E-14
 395  0.3950   0.3285E-14
 396  0.3960   0.3290E-14
 397  0.3970   0.3295E-14
 398  0.3980   0.3301E-14
 399  0.3990   0.3306E-14
 400  0.4000   0.3312E-14
 401  0.4010   0.3317E-14
 402  0.4020   0.3323E-14
 403  0.4030   0.3328E-14
 404  0.4040   0.3333E-14
 405  0.4050   0.3339E-14
 406  0.4060   0.3344E-14
 407  0.4070   0.3350E-14
 408  0.4080   0.3355E-14
 409  0.4090   0.3361E-14
 410  0.4100   0.3366E-14
 411  0.4110   0.3371E-14
 412  0.4120   0.3377E-14
 413  0.4130   0.3382E-14
 414  0.4140   0.3388E-14
 415  0.4150   0.3393E-14
 416  0.4160   0.3399E-14
 417  0.4170   0.3404E-14
 418  0.4180   0.3409E-14
 419  0.4190   0.3415E-14
 420  0.4200   0.3420E-14
 421  0.4210   0.3426E-14
 422  0.4220   0.3431E-14
 423  0.4230   0.3436E-14
 424  0.4240   0.3442E-14
 425  0.4250   0.3447E-14
 426  0.4260   0.3453E-14
 427  0.4270   0.3458E-14
 428  0.4280   0.3463E-14
 429  0.4290   0.3469E-14
 430  0.4300   0.3474E-14
 431  0.4310   0.3480E-14
 432  0.4320   0.3485E-14
 433  0.4330   0.3490E-14
 434  0.4340   0.3496E-14
 435  0.4350   0.3501E-14
 436  0.4360   0.3506E-14
 437  0.4370   0.3512E-14
 438  0.4380   0.3517E-14
 439  0.4390   0.3523E-14
 440  0.4400   0.3528E-14
 441  0.4410   0.3533E-14
 442  0.4420   0.3539E-14
 443  0.4430   0.3544E-14
 444  0.4440   0.3550E-14
 445  0.4450   0.3555E-14
 446  0.4460   0.3560E-14
 447  0.4470   0.3566E-14
 448  0.4480   0.3571E-14
 449  0.4490   0.3576E-14
 450  0.4500   0.3582E-14
 451  0.4510   0.3587E-14
 452  0.4520   0.3592E-14
 453  0.4530   0.3598E-14
 454  0.4540   0.3603E-14
 455  0.4550   0.3608E-14
 456  0.4560   0.3614E-14
 457  0.4570   0.3619E-14
 458  0.4580   0.3625E-14
 459  0.4590   0.3630E-14
 460  0.4600   0.3635E-14
 461  0.4610   0.3641E-14
 462  0.4620   0.3646E-14
 463  0.4630   0.3651E-14
 464  0.4640   0.3657E-14
 465  0.4650   0.3662E-14
 466  0.4660   0.3667E-14
 467  0.4670   0.3673E-14
 468  0.4680   0.3678E-14
 469  0.4690   0.3683E-14
 470  0.4700   0.3689E-14
 471  0.4710   0.3694E-14
 472  0.4720   0.3699E-14
 473  0.4730   0.3705E-14
 474  0.4740   0.3710E-14
 475  0.4750   0.3715E-14
 476  0.4760   0.3721E-14
 477  0.4770   0.3726E-14
 478  0.4780   0.3731E-14
 479  0.4790   0.3736E-14
 480  0.4800   0.3742E-14
 481  0.4810   0.3747E-14
 482  0.4820   0.3752E-14
 483  0.4830   0.3758E-14
 484  0.4840   0.3763E-14
 485  0.4850   0.3768E-14
 486  0.4860   0.3774E-14
 487  0.4870   0.3779E-14
 488  0.4880   0.3784E-14
 489  0.4890   0.3789E-14
 490  0.4900   0.3795E-14
 491  0.4910   0.3800E-14
 492  0.4920   0.3805E-14
 493  0.4930   0.3811E-14
 494  0.4940   0.3816E-14
 495  0.4950   0.3821E-14
 496  0.4960   0.3826E-14
 497  0.4970   0.3832E-14
 498  0.4980   0.3837E-14
 499  0.4990   0.3842E-14
 500  0.5000   0.3848E-14
 501  0.5010   0.3853E-14
 502  0.5020   0.3858E-14
 503  0.5030   0.3863E-14
 504  0.5040   0.3869E-14
 505  0.5050   0.3874E-14
 506  0.5060   0.3879E-14
 507  0.5070   0.3884E-14
 508  0.5080   0.3890E-14
 509  0.5090   0.3895E-14
 510  0.5100   0.3900E-14
 511  0.5110   0.3905E-14
 512  0.5120   0.3911E-14
 513  0.5130   0.3916E-14
 514  0.5140   0.3921E-14
 515  0.5150   0.3926E-14
 516  0.5160   0.3932E-14
 517  0.5170   0.3937E-14
 518  0.5180   0.3942E-14
 519  0.5190   0.3947E-14
 520  0.5200   0.3952E-14
 521  0.5210   0.3958E-14
 522  0.5220   0.3963E-14
 523  0.5230   0.3968E-14
 524  0.5240   0.3973E-14
 525  0.5250   0.3979E-14
 526  0.5260   0.3984E-14
 527  0.5270   0.3989E-14
 528  0.5280   0.3994E-14
 529  0.5290   0.3999E-14
 530  0.5300   0.4005E-14
 531  0.5310   0.4010E-14
 532  0.5320   0.4015E-14
 533  0.5330   0.4020E-14
 534  0.5340   0.4025E-14
 535  0.5350   0.4031E-14
 536  0.5360   0.4036E-14
 537  0.5370   0.4041E-14
 538  0.5380   0.4046E-14
 539  0.5390   0.4051E-14
 540  0.5400   0.4056E-14
 541  0.5410   0.4062E-14
 542  0.5420   0.4067E-14
 543  0.5430   0.4072E-14
 544  0.5440   0.4077E-14
 545  0.5450   0.4082E-14
 546  0.5460   0.4087E-14
 547  0.5470   0.4093E-14
 548  0.5480   0.4098E-14
 549  0.5490   0.4103E-14
 550  0.5500   0.4108E-14
 551  0.5510   0.4113E-14
 552  0.5520   0.4118E-14
 553  0.5530   0.4123E-14
 554  0.5540   0.4129E-14
 555  0.5550   0.4134E-14
 556  0.5560   0.4139E-14
 557  0.5570   0.4144E-14
 558  0.5580   0.4149E-14
 559  0.5590   0.4154E-14
 560  0.5600   0.4159E-14
 561  0.5610   0.4165E-14
 562  0.5620   0.4170E-14
 563  0.5630   0.4175E-14
 564  0.5640   0.4180E-14
 565  0.5650   0.4185E-14
 566  0.5660   0.4190E-14
 567  0.5670   0.4195E-14
 568  0.5680   0.4200E-14
 569  0.5690   0.4205E-14
 570  0.5700   0.4210E-14
 571  0.5710   0.4216E-14
 572  0.5720   0.4221E-14
 573  0.5730   0.4226E-14
 574  0.5740   0.4231E-14
 575  0.5750   0.4236E-14
 576  0.5760   0.4241E-14
 577  0.5770   0.4246E-14
 578  0.5780   0.4251E-14
 579  0.5790   0.4256E-14
 580  0.5800   0.4261E-14
 581  0.5810   0.4266E-14
 582  0.5820   0.4271E-14
 583  0.5830   0.4276E-14
 584  0.5840   0.4282E-14
 585  0.5850   0.4287E-14
 586  0.5860   0.4292E-14
 587  0.5870   0.4297E-14
 588  0.5880   0.4302E-14
 589  0.5890   0.4307E-14
 590  0.5900   0.4312E-14
 591  0.5910   0.4317E-14
 592  0.5920   0.4322E-14
 593  0.5930   0.4327E-14
 594  0.5940   0.4332E-14
 595  0.5950   0.4337E-14
 596  0.5960   0.4342E-14
 597  0.5970   0.4347E-14
 598  0.5980   0.4352E-14
 599  0.5990   0.4357E-14
 600  0.6000   0.4362E-14
 601  0.6010   0.4367E-14
 602  0.6020   0.4372E-14
 603  0.6030   0.4377E-14
 604  0.6040   0.4382E-14
 605  0.6050   0.4387E-14
 606  0.6060   0.4392E-14
 607  0.6070   0.4397E-14
 608  0.6080   0.4402E-14
 609  0.6090   0.4407E-14
 610  0.6100   0.4412E-14
 611  0.6110   0.4417E-14
 612  0.6120   0.4422E-14
 613  0.6130   0.4427E-14
 614  0.6140   0.4432E-14
 615  0.6150   0.4437E-14
 616  0.6160   0.4442E-14
 617  0.6170   0.4447E-14
 618  0.6180   0.4452E-14
 619  0.6190   0.4457E-14
 620  0.6200   0.4462E-14
 621  0.6210   0.4467E-14
 622  0.6220   0.4471E-14
 623  0.6230   0.4476E-14
 624  0.6240   0.4481E-14
 625  0.6250   0.4486E-14
 626  0.6260   0.4491E-14
 627  0.6270   0.4496E-14
 628  0.6280   0.4501E-14
 629  0.6290   0.4506E-14
 630  0.6300   0.4511E-14
 631  0.6310   0.4516E-14
 632  0.6320   0.4521E-14
 633  0.6330   0.4526E-14
 634  0.6340   0.4531E-14
 635  0.6350   0.4535E-14
 636  0.6360   0.4540E-14
 637  0.6370   0.4545E-14
 638  0.6380   0.4550E-14
 639  0.6390   0.4555E-14
 640  0.6400   0.4560E-14
 641  0.6410   0.4565E-14
 642  0.6420   0.4570E-14
 643  0.6430   0.4574E-14
 644  0.6440   0.4579E-14
 645  0.6450   0.4584E-14
 646  0.6460   0.4589E-14
 647  0.6470   0.4594E-14
 648  0.6480   0.4599E-14
 649  0.6490   0.4604E-14
 650  0.6500   0.4608E-14
 651  0.6510   0.4613E-14
 652  0.6520   0.4618E-14
 653  0.6530   0.4623E-14
 654  0.6540   0.4628E-14
 655  0.6550   0.4633E-14
 656  0.6560   0.4637E-14
 657  0.6570   0.4642E-14
 658  0.6580   0.4647E-14
 659  0.6590   0.4652E-14
 660  0.6600   0.4657E-14
 661  0.6610   0.4662E-14
 662  0.6620   0.4666E-14
 663  0.6630   0.4671E-14
 664  0.6640   0.4676E-14
 665  0.6650   0.4681E-14
 666  0.6660   0.4686E-14
 667  0.6670   0.4690E-14
 668  0.6680   0.4695E-14
 669  0.6690   0.4700E-14
 670  0.6700   0.4705E-14
 671  0.6710   0.4709E-14
 672  0.6720   0.4714E-14
 673  0.6730   0.4719E-14
 674  0.6740   0.4724E-14
 675  0.6750   0.4728E-14
 676  0.6760   0.4733E-14
 677  0.6770   0.4738E-14
 678  0.6780   0.4743E-14
 679  0.6790   0.4747E-14
 680  0.6800   0.4752E-14
 681  0.6810   0.4757E-14
 682  0.6820   0.4762E-14
 683  0.6830   0.4766E-14
 684  0.6840   0.4771E-14
 685  0.6850   0.4776E-14
 686  0.6860   0.4781E-14
 687  0.6870   0.4785E-14
 688  0.6880   0.4790E-14
 689  0.6890   0.4795E-14
 690  0.6900   0.4799E-14
 691  0.6910   0.4804E-14
 692  0.6920   0.4809E-14
 693  0.6930   0.4814E-14
 694  0.6940   0.4818E-14
 695  0.6950   0.4823E-14
 696  0.6960   0.4828E-14
 697  0.6970   0.4832E-14
 698  0.6980   0.4837E-14
 699  0.6990   0.4842E-14
 700  0.7000   0.4846E-14
 701  0.7010   0.4851E-14
 702  0.7020   0.4856E-14
 703  0.7030   0.4860E-14
 704  0.7040   0.4865E-14
 705  0.7050   0.4869E-14
 706  0.7060   0.4874E-14
 707  0.7070   0.4879E-14
 708  0.7080   0.4883E-14
 709  0.7090   0.4888E-14
 710  0.7100   0.4893E-14
 711  0.7110   0.4897E-14
 712  0.7120   0.4902E-14
 713  0.7130   0.4907E-14
 714  0.7140   0.4911E-14
 715  0.7150   0.4916E-14
 716  0.7160   0.4920E-14
 717  0.7170   0.4925E-14
 718  0.7180   0.4930E-14
 719  0.7190   0.4934E-14
 720  0.7200   0.4939E-14
 721  0.7210   0.4943E-14
 722  0.7220   0.4948E-14
 723  0.7230   0.4952E-14
 724  0.7240   0.4957E-14
 725  0.7250   0.4962E-14
 726  0.7260   0.4966E-14
 727  0.7270   0.4971E-14
 728  0.7280   0.4975E-14
 729  0.7290   0.4980E-14
 730  0.7300   0.4984E-14
 731  0.7310   0.4989E-14
 732  0.7320   0.4993E-14
 733  0.7330   0.4998E-14
 734  0.7340   0.5002E-14
 735  0.7350   0.5007E-14
 736  0.7360   0.5012E-14
 737  0.7370   0.5016E-14
 738  0.7380   0.5021E-14
 739  0.7390   0.5025E-14
 740  0.7400   0.5030E-14
 741  0.7410   0.5034E-14
 742  0.7420   0.5039E-14
 743  0.7430   0.5043E-14
 744  0.7440   0.5048E-14
 745  0.7450   0.5052E-14
 746  0.7460   0.5057E-14
 747  0.7470   0.5061E-14
 748  0.7480   0.5065E-14
 749  0.7490   0.5070E-14
 750  0.7500   0.5074E-14
 751  0.7510   0.5079E-14
 752  0.7520   0.5083E-14
 753  0.7530   0.5088E-14
 754  0.7540   0.5092E-14
 755  0.7550   0.5097E-14
 756  0.7560   0.5101E-14
 757  0.7570   0.5106E-14
 758  0.7580   0.5110E-14
 759  0.7590   0.5114E-14
 760  0.7600   0.5119E-14
 761  0.7610   0.5123E-14
 762  0.7620   0.5128E-14
 763  0.7630   0.5132E-14
 764  0.7640   0.5136E-14
 765  0.7650   0.5141E-14
 766  0.7660   0.5145E-14
 767  0.7670   0.5150E-14
 768  0.7680   0.5154E-14
 769  0.7690   0.5158E-14
 770  0.7700   0.5163E-14
 771  0.7710   0.5167E-14
 772  0.7720   0.5172E-14
 773  0.7730   0.5176E-14
 774  0.7740   0.5180E-14
 775  0.7750   0.5185E-14
 776  0.7760   0.5189E-14
 777  0.7770   0.5193E-14
 778  0.7780   0.5198E-14
 779  0.7790   0.5202E-14
 780  0.7800   0.5206E-14
 781  0.7810   0.5211E-14
 782  0.7820   0.5215E-14
 783  0.7830   0.5219E-14
 784  0.7840   0.5224E-14
 785  0.7850   0.5228E-14
 786  0.7860   0.5232E-14
 787  0.7870   0.5237E-14
 788  0.7880   0.5241E-14
 789  0.7890   0.5245E-14
 790  0.7900   0.5249E-14
 791  0.7910   0.5254E-14
 792  0.7920   0.5258E-14
 793  0.7930   0.5262E-14
 794  0.7940   0.5267E-14
 795  0.7950   0.5271E-14
 796  0.7960   0.5275E-14
 797  0.7970   0.5279E-14
 798  0.7980   0.5284E-14
 799  0.7990   0.5288E-14
 800  0.8000   0.5292E-14
 801  0.8010   0.5296E-14
 802  0.8020   0.5301E-14
 803  0.8030   0.5305E-14
 804  0.8040   0.5309E-14
 805  0.8050   0.5313E-14
 806  0.8060   0.5317E-14
 807  0.8070   0.5322E-14
 808  0.8080   0.5326E-14
 809  0.8090   0.5330E-14
 810  0.8100   0.5334E-14
 811  0.8110   0.5338E-14
 812  0.8120   0.5343E-14
 813  0.8130   0.5347E-14
 814  0.8140   0.5351E-14
 815  0.8150   0.5355E-14
 816  0.8160   0.5359E-14
 817  0.8170   0.5363E-14
 818  0.8180   0.5368E-14
 819  0.8190   0.5372E-14
 820  0.8200   0.5376E-14
 821  0.8210   0.5380E-14
 822  0.8220   0.5384E-14
 823  0.8230   0.5388E-14
 824  0.8240   0.5393E-14
 825  0.8250   0.5397E-14
 826  0.8260   0.5401E-14
 827  0.8270   0.5405E-14
 828  0.8280   0.5409E-14
 829  0.8290   0.5413E-14
 830  0.8300   0.5417E-14
 831  0.8310   0.5421E-14
 832  0.8320   0.5425E-14
 833  0.8330   0.5430E-14
 834  0.8340   0.5434E-14
 835  0.8350   0.5438E-14
 836  0.8360   0.5442E-14
 837  0.8370   0.5446E-14
 838  0.8380   0.5450E-14
 839  0.8390   0.5454E-14
 840  0.8400   0.5458E-14
 841  0.8410   0.5462E-14
 842  0.8420   0.5466E-14
 843  0.8430   0.5470E-14
 844  0.8440   0.5474E-14
 845  0.8450   0.5478E-14
 846  0.8460   0.5482E-14
 847  0.8470   0.5486E-14
 848  0.8480   0.5490E-14
 849  0.8490   0.5494E-14
 850  0.8500   0.5498E-14
 851  0.8510   0.5502E-14
 852  0.8520   0.5506E-14
 853  0.8530   0.5510E-14
 854  0.8540   0.5514E-14
 855  0.8550   0.5518E-14
 856  0.8560   0.5522E-14
 857  0.8570   0.5526E-14
 858  0.8580   0.5530E-14
 859  0.8590   0.5534E-14
 860  0.8600   0.5538E-14
 861  0.8610   0.5542E-14
 862  0.8620   0.5546E-14
 863  0.8630   0.5550E-14
 864  0.8640   0.5554E-14
 865  0.8650   0.5558E-14
 866  0.8660   0.5562E-14
 867  0.8670   0.5566E-14
 868  0.8680   0.5570E-14
 869  0.8690   0.5574E-14
 870  0.8700   0.5577E-14
 871  0.8710   0.5581E-14
 872  0.8720   0.5585E-14
 873  0.8730   0.5589E-14
 874  0.8740   0.5593E-14
 875  0.8750   0.5597E-14
 876  0.8760   0.5601E-14
 877  0.8770   0.5605E-14
 878  0.8780   0.5609E-14
 879  0.8790   0.5612E-14
 880  0.8800   0.5616E-14
 881  0.8810   0.5620E-14
 882  0.8820   0.5624E-14
 883  0.8830   0.5628E-14
 884  0.8840   0.5632E-14
 885  0.8850   0.5636E-14
 886  0.8860   0.5639E-14
 887  0.8870   0.5643E-14
 888  0.8880   0.5647E-14
 889  0.8890   0.5651E-14
 890  0.8900   0.5655E-14
 891  0.8910   0.5658E-14
 892  0.8920   0.5662E-14
 893  0.8930   0.5666E-14
 894  0.8940   0.5670E-14
 895  0.8950   0.5674E-14
 896  0.8960   0.5677E-14
 897  0.8970   0.5681E-14
 898  0.8980   0.5685E-14
 899  0.8990   0.5689E-14
 900  0.9000   0.5692E-14
 901  0.9010   0.5696E-14
 902  0.9020   0.5700E-14
 903  0.9030   0.5704E-14
 904  0.9040   0.5707E-14
 905  0.9050   0.5711E-14
 906  0.9060   0.5715E-14
 907  0.9070   0.5719E-14
 908  0.9080   0.5722E-14
 909  0.9090   0.5726E-14
 910  0.9100   0.5730E-14
 911  0.9110   0.5733E-14
 912  0.9120   0.5737E-14
 913  0.9130   0.5741E-14
 914  0.9140   0.5744E-14
 915  0.9150   0.5748E-14
 916  0.9160   0.5752E-14
 917  0.9170   0.5756E-14
 918  0.9180   0.5759E-14
 919  0.9190   0.5763E-14
 920  0.9200   0.5766E-14
 921  0.9210   0.5770E-14
 922  0.9220   0.5774E-14
 923  0.9230   0.5777E-14
 924  0.9240   0.5781E-14
 925  0.9250   0.5785E-14
 926  0.9260   0.5788E-14
 927  0.9270   0.5792E-14
 928  0.9280   0.5796E-14
 929  0.9290   0.5799E-14
 930  0.9300   0.5803E-14
 931  0.9310   0.5806E-14
 932  0.9320   0.5810E-14
 933  0.9330   0.5813E-14
 934  0.9340   0.5817E-14
 935  0.9350   0.5821E-14
 936  0.9360   0.5824E-14
 937  0.9370   0.5828E-14
 938  0.9380   0.5831E-14
 939  0.9390   0.5835E-14
 940  0.9400   0.5838E-14
 941  0.9410   0.5842E-14
 942  0.9420   0.5846E-14
 943  0.9430   0.5849E-14
 944  0.9440   0.5853E-14
 945  0.9450   0.5856E-14
 946  0.9460   0.5860E-14
 947  0.9470   0.5863E-14
 948  0.9480   0.5867E-14
 949  0.9490   0.5870E-14
 950  0.9500   0.5874E-14
 951  0.9510   0.5877E-14
 952  0.9520   0.5881E-14
 953  0.9530   0.5884E-14
 954  0.9540   0.5888E-14
 955  0.9550   0.5891E-14
 956  0.9560   0.5894E-14
 957  0.9570   0.5898E-14
 958  0.9580   0.5901E-14
 959  0.9590   0.5905E-14
 960  0.9600   0.5908E-14
 961  0.9610   0.5912E-14
 962  0.9620   0.5915E-14
 963  0.9630   0.5919E-14
 964  0.9640   0.5922E-14
 965  0.9650   0.5925E-14
 966  0.9660   0.5929E-14
 967  0.9670   0.5932E-14
 968  0.9680   0.5936E-14
 969  0.9690   0.5939E-14
 970  0.9700   0.5942E-14
 971  0.9710   0.5946E-14
 972  0.9720   0.5949E-14
 973  0.9730   0.5952E-14
 974  0.9740   0.5956E-14
 975  0.9750   0.5959E-14
 976  0.9760   0.5963E-14
 977  0.9770   0.5966E-14
 978  0.9780   0.5969E-14
 979  0.9790   0.5973E-14
 980  0.9800   0.5976E-14
 981  0.9810   0.5979E-14
 982  0.9820   0.5982E-14
 983  0.9830   0.5986E-14
 984  0.9840   0.5989E-14
 985  0.9850   0.5992E-14
 986  0.9860   0.5996E-14
 987  0.9870   0.5999E-14
 988  0.9880   0.6002E-14
 989  0.9890   0.6006E-14
 990  0.9900   0.6009E-14
 991  0.9910   0.6012E-14
 992  0.9920   0.6015E-14
 993  0.9930   0.6019E-14
 994  0.9940   0.6022E-14
 995  0.9950   0.6025E-14
 996  0.9960   0.6028E-14
 997  0.9970   0.6032E-14
 998  0.9980   0.6035E-14
 999  0.9990   0.6038E-14
1000  1.0000   0.6041E-14
1001  1.0010   0.6044E-14
1002  1.0020   0.6048E-14
1003  1.0030   0.6051E-14
1004  1.0040   0.6054E-14
1005  1.0050   0.6057E-14
1006  1.0060   0.6060E-14
1007  1.0070   0.6064E-14
1008  1.0080   0.6067E-14
1009  1.0090   0.6070E-14
1010  1.0100   0.6073E-14
1011  1.0110   0.6076E-14
1012  1.0120   0.6079E-14
1013  1.0130   0.6083E-14
1014  1.0140   0.6086E-14
1015  1.0150   0.6089E-14
1016  1.0160   0.6092E-14
1017  1.0170   0.6095E-14
1018  1.0180   0.6098E-14
1019  1.0190   0.6101E-14
1020  1.0200   0.6104E-14
1021  1.0210   0.6107E-14
1022  1.0220   0.6111E-14
1023  1.0230   0.6114E-14
1024  1.0240   0.6117E-14
1025  1.0250   0.6120E-14
1026  1.0260   0.6123E-14
1027  1.0270   0.6126E-14
1028  1.0280   0.6129E-14
1029  1.0290   0.6132E-14
1030  1.0300   0.6135E-14
1031  1.0310   0.6138E-14
1032  1.0320   0.6141E-14
1033  1.0330   0.6144E-14
1034  1.0340   0.6147E-14
1035  1.0350   0.6150E-14
1036  1.0360   0.6153E-14
1037  1.0370   0.6156E-14
1038  1.0380   0.6159E-14
1039  1.0390   0.6162E-14
1040  1.0400   0.6165E-14
1041  1.0410   0.6168E-14
1042  1.0420   0.6171E-14
1043  1.0430   0.6174E-14
1044  1.0440   0.6177E-14
1045  1.0450   0.6180E-14
1046  1.0460   0.6183E-14
1047  1.0470   0.6186E-14
1048  1.0480   0.6189E-14
1049  1.0490   0.6192E-14
1050  1.0500   0.6195E-14
1051  1.0510   0.6198E-14
1052  1.0520   0.6200E-14
1053  1.0530   0.6203E-14
1054  1.0540   0.6206E-14
1055  1.0550   0.6209E-14
1056  1.0560   0.6212E-14
1057  1.0570   0.6215E-14
1058  1.0580   0.6218E-14
1059  1.0590   0.6221E-14
1060  1.0600   0.6224E-14
1061  1.0610   0.6226E-14
1062  1.0620   0.6229E-14
1063  1.0630   0.6232E-14
1064  1.0640   0.6235E-14
1065  1.0650   0.6238E-14
1066  1.0660   0.6241E-14
1067  1.0670   0.6243E-14
1068  1.0680   0.6246E-14
1069  1.0690   0.6249E-14
1070  1.0700   0.6252E-14
1071  1.0710   0.6255E-14
1072  1.0720   0.6258E-14
1073  1.0730   0.6260E-14
1074  1.0740   0.6263E-14
1075  1.0750   0.6266E-14
1076  1.0760   0.6269E-14
1077  1.0770   0.6271E-14
1078  1.0780   0.6274E-14
1079  1.0790   0.6277E-14
1080  1.0800   0.6280E-14
1081  1.0810   0.6282E-14
1082  1.0820   0.6285E-14
1083  1.0830   0.6288E-14
1084  1.0840   0.6291E-14
1085  1.0850   0.6293E-14
1086  1.0860   0.6296E-14
1087  1.0870   0.6299E-14
1088  1.0880   0.6301E-14
1089  1.0890   0.6304E-14
1090  1.0900   0.6307E-14
1091  1.0910   0.6309E-14
1092  1.0920   0.6312E-14
1093  1.0930   0.6315E-14
1094  1.0940   0.6317E-14
1095  1.0950   0.6320E-14
1096  1.0960   0.6323E-14
1097  1.0970   0.6325E-14
1098  1.0980   0.6328E-14
1099  1.0990   0.6331E-14
1100  1.1000   0.6333E-14
1101  1.1010   0.6336E-14
1102  1.1020   0.6339E-14
1103  1.1030   0.6341E-14
1104  1.1040   0.6344E-14
1105  1.1050   0.6346E-14
1106  1.1060   0.6349E-14
1107  1.1070   0.6352E-14
1108  1.1080   0.6354E-14
1109  1.1090   0.6357E-14
1110  1.1100   0.6359E-14
1111  1.1110   0.6362E-14
1112  1.1120   0.6364E-14
1113  1.1130   0.6367E-14
1114  1.1140   0.6369E-14
1115  1.1150   0.6372E-14
1116  1.1160   0.6374E-14
1117  1.1170   0.6377E-14
1118  1.1180   0.6380E-14
1119  1.1190   0.6382E-14
1120  1.1200   0.6385E-14
1121  1.1210   0.6387E-14
1122  1.1220   0.6390E-14
1123  1.1230   0.6392E-14
1124  1.1240   0.6394E-14
1125  1.1250   0.6397E-14
1126  1.1260   0.6399E-14
1127  1.1270   0.6402E-14
1128  1.1280   0.6404E-14
1129  1.1290   0.6407E-14
1130  1.1300   0.6409E-14
1131  1.1310   0.6412E-14
1132  1.1320   0.6414E-14
1133  1.1330   0.6417E-14
1134  1.1340   0.6419E-14
1135  1.1350   0.6421E-14
1136  1.1360   0.6424E-14
1137  1.1370   0.6426E-14
1138  1.1380   0.6429E-14
1139  1.1390   0.6431E-14
1140  1.1400   0.6433E-14
1141  1.1410   0.6436E-14
1142  1.1420   0.6438E-14
1143  1.1430   0.6440E-14
1144  1.1440   0.6443E-14
1145  1.1450   0.6445E-14
1146  1.1460   0.6447E-14
1147  1.1470   0.6450E-14
1148  1.1480   0.6452E-14
1149  1.1490   0.6454E-14
1150  1.1500   0.6457E-14
1151  1.1510   0.6459E-14
1152  1.1520   0.6461E-14
1153  1.1530   0.6464E-14
1154  1.1540   0.6466E-14
1155  1.1550   0.6468E-14
1156  1.1560   0.6470E-14
1157  1.1570   0.6473E-14
1158  1.1580   0.6475E-14
1159  1.1590   0.6477E-14
1160  1.1600   0.6480E-14
1161  1.1610   0.6482E-14
1162  1.1620   0.6484E-14
1163  1.1630   0.6486E-14
1164  1.1640   0.6488E-14
1165  1.1650   0.6491E-14
1166  1.1660   0.6493E-14
1167  1.1670   0.6495E-14
1168  1.1680   0.6497E-14
1169  1.1690   0.6500E-14
1170  1.1700   0.6502E-14
1171  1.1710   0.6504E-14
1172  1.1720   0.6506E-14
1173  1.1730   0.6508E-14
1174  1.1740   0.6510E-14
1175  1.1750   0.6513E-14
1176  1.1760   0.6515E-14
1177  1.1770   0.6517E-14
1178  1.1780   0.6519E-14
1179  1.1790   0.6521E-14
1180  1.1800   0.6523E-14
1181  1.1810   0.6525E-14
1182  1.1820   0.6528E-14
1183  1.1830   0.6530E-14
1184  1.1840   0.6532E-14
1185  1.1850   0.6534E-14
1186  1.1860   0.6536E-14
1187  1.1870   0.6538E-14
1188  1.1880   0.6540E-14
1189  1.1890   0.6542E-14
1190  1.1900   0.6544E-14
1191  1.1910   0.6546E-14
1192  1.1920   0.6548E-14
1193  1.1930   0.6550E-14
1194  1.1940   0.6552E-14
1195  1.1950   0.6554E-14
1196  1.1960   0.6556E-14
1197  1.1970   0.6558E-14
1198  1.1980   0.6560E-14
1199  1.1990   0.6562E-14
1200  1.2000   0.6564E-14
1201  1.2010   0.6566E-14
1202  1.2020   0.6568E-14
1203  1.2030   0.6570E-14
1204  1.2040   0.6572E-14
1205  1.2050   0.6574E-14
1206  1.2060   0.6576E-14
1207  1.2070   0.6578E-14
1208  1.2080   0.6580E-14
1209  1.2090   0.6582E-14
1210  1.2100   0.6584E-14
1211  1.2110   0.6586E-14
1212  1.2120   0.6588E-14
1213  1.2130   0.6590E-14
1214  1.2140   0.6592E-14
1215  1.2150   0.6594E-14
1216  1.2160   0.6596E-14
1217  1.2170   0.6597E-14
1218  1.2180   0.6599E-14
1219  1.2190   0.6601E-14
1220  1.2200   0.6603E-14
1221  1.2210   0.6605E-14
1222  1.2220   0.6607E-14
1223  1.2230   0.6609E-14
1224  1.2240   0.6610E-14
1225  1.2250   0.6612E-14
1226  1.2260   0.6614E-14
1227  1.2270   0.6616E-14
1228  1.2280   0.6618E-14
1229  1.2290   0.6620E-14
1230  1.2300   0.6621E-14
1231  1.2310   0.6623E-14
1232  1.2320   0.6625E-14
1233  1.2330   0.6627E-14
1234  1.2340   0.6629E-14
1235  1.2350   0.6630E-14
1236  1.2360   0.6632E-14
1237  1.2370   0.6634E-14
1238  1.2380   0.6636E-14
1239  1.2390   0.6637E-14
1240  1.2400   0.6639E-14
1241  1.2410   0.6641E-14
1242  1.2420   0.6643E-14
1243  1.2430   0.6644E-14
1244  1.2440   0.6646E-14
1245  1.2450   0.6648E-14
1246  1.2460   0.6649E-14
1247  1.2470   0.6651E-14
1248  1.2480   0.6653E-14
1249  1.2490   0.6654E-14
1250  1.2500   0.6656E-14
1251  1.2510   0.6658E-14
1252  1.2520   0.6659E-14
1253  1.2530   0.6661E-14
1254  1.2540   0.6663E-14
1255  1.2550   0.6664E-14
1256  1.2560   0.6666E-14
1257  1.2570   0.6668E-14
1258  1.2580   0.6669E-14
1259  1.2590   0.6671E-14
1260  1.2600   0.6673E-14
1261  1.2610   0.6674E-14
1262  1.2620   0.6676E-14
1263  1.2630   0.6677E-14
1264  1.2640   0.6679E-14
1265  1.2650   0.6680E-14
1266  1.2660   0.6682E-14
1267  1.2670   0.6684E-14
1268  1.2680   0.6685E-14
1269  1.2690   0.6687E-14
1270  1.2700   0.6688E-14
1271  1.2710   0.6690E-14
1272  1.2720   0.6691E-14
1273  1.2730   0.6693E-14
1274  1.2740   0.6694E-14
1275  1.2750   0.6696E-14
1276  1.2760   0.6697E-14
1277  1.2770   0.6699E-14
1278  1.2780   0.6700E-14
1279  1.2790   0.6702E-14
1280  1.2800   0.6703E-14
1281  1.2810   0.6705E-14
1282  1.2820   0.6706E-14
1283  1.2830   0.6708E-14
1284  1.2840   0.6709E-14
1285  1.2850   0.6711E-14
1286  1.2860   0.6712E-14
1287  1.2870   0.6713E-14
1288  1.2880   0.6715E-14
1289  1.2890   0.6716E-14
1290  1.2900   0.6718E-14
1291  1.2910   0.6719E-14
1292  1.2920   0.6720E-14
1293  1.2930   0.6722E-14
1294  1.2940   0.6723E-14
1295  1.2950   0.6725E-14
1296  1.2960   0.6726E-14
1297  1.2970   0.6727E-14
1298  1.2980   0.6729E-14
1299  1.2990   0.6730E-14
1300  1.3000   0.6731E-14
1301  1.3010   0.6733E-14
1302  1.3020   0.6734E-14
1303  1.3030   0.6735E-14
1304  1.3040   0.6737E-14
1305  1.3050   0.6738E-14
1306  1.3060   0.6739E-14
1307  1.3070   0.6741E-14
1308  1.3080   0.6742E-14
1309  1.3090   0.6743E-14
1310  1.3100   0.6744E-14
1311  1.3110   0.6746E-14
1312  1.3120   0.6747E-14
1313  1.3130   0.6748E-14
1314  1.3140   0.6750E-14
1315  1.3150   0.6751E-14
1316  1.3160   0.6752E-14
1317  1.3170   0.6753E-14
1318  1.3180   0.6754E-14
1319  1.3190   0.6756E-14
1320  1.3200   0.6757E-14
1321  1.3210   0.6758E-14
1322  1.3220   0.6759E-14
1323  1.3230   0.6760E-14
1324  1.3240   0.6762E-14
1325  1.3250   0.6763E-14
1326  1.3260   0.6764E-14
1327  1.3270   0.6765E-14
1328  1.3280   0.6766E-14
1329  1.3290   0.6767E-14
1330  1.3300   0.6769E-14
1331  1.3310   0.6770E-14
1332  1.3320   0.6771E-14
1333  1.3330   0.6772E-14
1334  1.3340   0.6773E-14
1335  1.3350   0.6774E-14
1336  1.3360   0.6775E-14
1337  1.3370   0.6776E-14
1338  1.3380   0.6778E-14
1339  1.3390   0.6779E-14
1340  1.3400   0.6780E-14
1341  1.3410   0.6781E-14
1342  1.3420   0.6782E-14
1343  1.3430   0.6783E-14
1344  1.3440   0.6784E-14
1345  1.3450   0.6785E-14
1346  1.3460   0.6786E-14
1347  1.3470   0.6787E-14
1348  1.3480   0.6788E-14
1349  1.3490   0.6789E-14
1350  1.3500   0.6790E-14
1351  1.3510   0.6791E-14
1352  1.3520   0.6792E-14
1353  1.3530   0.6793E-14
1354  1.3540   0.6794E-14
1355  1.3550   0.6795E-14
1356  1.3560   0.6796E-14
1357  1.3570   0.6797E-14
1358  1.3580   0.6798E-14
1359  1.3590   0.6799E-14
1360  1.3600   0.6800E-14
1361  1.3610   0.6801E-14
1362  1.3620   0.6802E-14
1363  1.3630   0.6803E-14
1364  1.3640   0.6803E-14
1365  1.3650   0.6804E-14
1366  1.3660   0.6805E-14
1367  1.3670   0.6806E-14
1368  1.3680   0.6807E-14
1369  1.3690   0.6808E-14
1370  1.3700   0.6809E-14
1371  1.3710   0.6810E-14
1372  1.3720   0.6811E-14
1373  1.3730   0.6811E-14
1374  1.3740   0.6812E-14
1375  1.3750   0.6813E-14
1376  1.3760   0.6814E-14
1377  1.3770   0.6815E-14
1378  1.3780   0.6816E-14
1379  1.3790   0.6816E-14
1380  1.3800   0.6817E-14
1381  1.3810   0.6818E-14
1382  1.3820   0.6819E-14
1383  1.3830   0.6820E-14
1384  1.3840   0.6820E-14
1385  1.3850   0.6821E-14
1386  1.3860   0.6822E-14
1387  1.3870   0.6823E-14
1388  1.3880   0.6823E-14
1389  1.3890   0.6824E-14
1390  1.3900   0.6825E-14
1391  1.3910   0.6826E-14
1392  1.3920   0.6826E-14
1393  1.3930   0.6827E-14
1394  1.3940   0.6828E-14
1395  1.3950   0.6828E-14
1396  1.3960   0.6829E-14
1397  1.3970   0.6830E-14
1398  1.3980   0.6830E-14
1399  1.3990   0.6831E-14
1400  1.4000   0.6832E-14
1401  1.4010   0.6832E-14
1402  1.4020   0.6833E-14
1403  1.4030   0.6834E-14
1404  1.4040   0.6834E-14
1405  1.4050   0.6835E-14
1406  1.4060   0.6836E-14
1407  1.4070   0.6836E-14
1408  1.4080   0.6837E-14
1409  1.4090   0.6838E-14
1410  1.4100   0.6838E-14
1411  1.4110   0.6839E-14
1412  1.4120   0.6839E-14
1413  1.4130   0.6840E-14
1414  1.4140   0.6840E-14
1415  1.4150   0.6841E-14
1416  1.4160   0.6842E-14
1417  1.4170   0.6842E-14
1418  1.4180   0.6843E-14
1419  1.4190   0.6843E-14
1420  1.4200   0.6844E-14
1421  1.4210   0.6844E-14
1422  1.4220   0.6845E-14
1423  1.4230   0.6845E-14
1424  1.4240   0.6846E-14
1425  1.4250   0.6846E-14
1426  1.4260   0.6847E-14
1427  1.4270   0.6847E-14
1428  1.4280   0.6848E-14
1429  1.4290   0.6848E-14
1430  1.4300   0.6849E-14
1431  1.4310   0.6849E-14
1432  1.4320   0.6850E-14
1433  1.4330   0.6850E-14
1434  1.4340   0.6851E-14
1435  1.4350   0.6851E-14
1436  1.4360   0.6851E-14
1437  1.4370   0.6852E-14
1438  1.4380   0.6852E-14
1439  1.4390   0.6853E-14
1440  1.4400   0.6853E-14
1441  1.4410   0.6853E-14
1442  1.4420   0.6854E-14
1443  1.4430   0.6854E-14
1444  1.4440   0.6855E-14
1445  1.4450   0.6855E-14
1446  1.4460   0.6855E-14
1447  1.4470   0.6856E-14
1448  1.4480   0.6856E-14
1449  1.4490   0.6856E-14
1450  1.4500   0.6857E-14
1451  1.4510   0.6857E-14
1452  1.4520   0.6857E-14
1453  1.4530   0.6858E-14
1454  1.4540   0.6858E-14
1455  1.4550   0.6858E-14
1456  1.4560   0.6858E-14
1457  1.4570   0.6859E-14
1458  1.4580   0.6859E-14
1459  1.4590   0.6859E-14
1460  1.4600   0.6860E-14
1461  1.4610   0.6860E-14
1462  1.4620   0.6860E-14
1463  1.4630   0.6860E-14
1464  1.4640   0.6861E-14
1465  1.4650   0.6861E-14
1466  1.4660   0.6861E-14
1467  1.4670   0.6861E-14
1468  1.4680   0.6861E-14
1469  1.4690   0.6862E-14
1470  1.4700   0.6862E-14
1471  1.4710   0.6862E-14
1472  1.4720   0.6862E-14
1473  1.4730   0.6862E-14
1474  1.4740   0.6862E-14
1475  1.4750   0.6863E-14
1476  1.4760   0.6863E-14
1477  1.4770   0.6863E-14
1478  1.4780   0.6863E-14
1479  1.4790   0.6863E-14
1480  1.4800   0.6863E-14
1481  1.4810   0.6863E-14
1482  1.4820   0.6864E-14
1483  1.4830   0.6864E-14
1484  1.4840   0.6864E-14
1485  1.4850   0.6864E-14
1486  1.4860   0.6864E-14
1487  1.4870   0.6864E-14
1488  1.4880   0.6864E-14
1489  1.4890   0.6864E-14
1490  1.4900   0.6864E-14
1491  1.4910   0.6864E-14
1492  1.4920   0.6864E-14
1493  1.4930   0.6864E-14
1494  1.4940   0.6864E-14
1495  1.4950   0.6864E-14
1496  1.4960   0.6864E-14
1497  1.4970   0.6864E-14
1498  1.4980   0.6864E-14
1499  1.4990   0.6864E-14
1500  1.5000   0.6864E-14
1501  1.5010   0.6864E-14
1502  1.5020   0.6864E-14
1503  1.5030   0.6864E-14
1504  1.5040   0.6864E-14
1505  1.5050   0.6864E-14
1506  1.5060   0.6864E-14
1507  1.5070   0.6864E-14
1508  1.5080   0.6864E-14
1509  1.5090   0.6864E-14
1510  1.5100   0.6864E-14
1511  1.5110   0.6864E-14
1512  1.5120   0.6864E-14
1513  1.5130   0.6864E-14
1514  1.5140   0.6863E-14
1515  1.5150   0.6863E-14
1516  1.5160   0.6863E-14
1517  1.5170   0.6863E-14
1518  1.5180   0.6863E-14
1519  1.5190   0.6863E-14
1520  1.5200   0.6863E-14
1521  1.5210   0.6862E-14
1522  1.5220   0.6862E-14
1523  1.5230   0.6862E-14
1524  1.5240   0.6862E-14
1525  1.5250   0.6862E-14
1526  1.5260   0.6862E-14
1527  1.5270   0.6861E-14
1528  1.5280   0.6861E-14
1529  1.5290   0.6861E-14
1530  1.5300   0.6861E-14
1531  1.5310   0.6861E-14
1532  1.5320   0.6860E-14
1533  1.5330   0.6860E-14
1534  1.5340   0.6860E-14
1535  1.5350   0.6860E-14
1536  1.5360   0.6859E-14
1537  1.5370   0.6859E-14
1538  1.5380   0.6859E-14
1539  1.5390   0.6858E-14
1540  1.5400   0.6858E-14
1541  1.5410   0.6858E-14
1542  1.5420   0.6858E-14
1543  1.5430   0.6857E-14
1544  1.5440   0.6857E-14
1545  1.5450   0.6857E-14
1546  1.5460   0.6856E-14
1547  1.5470   0.6856E-14
1548  1.5480   0.6856E-14
1549  1.5490   0.6855E-14
1550  1.5500   0.6855E-14
1551  1.5510   0.6855E-14
1552  1.5520   0.6854E-14
1553  1.5530   0.6854E-14
1554  1.5540   0.6853E-14
1555  1.5550   0.6853E-14
1556  1.5560   0.6853E-14
1557  1.5570   0.6852E-14
1558  1.5580   0.6852E-14
1559  1.5590   0.6851E-14
1560  1.5600   0.6851E-14
1561  1.5610   0.6851E-14
1562  1.5620   0.6850E-14
1563  1.5630   0.6850E-14
1564  1.5640   0.6849E-14
1565  1.5650   0.6849E-14
1566  1.5660   0.6848E-14
1567  1.5670   0.6848E-14
1568  1.5680   0.6847E-14
1569  1.5690   0.6847E-14
1570  1.5700   0.6846E-14
1571  1.5710   0.6846E-14
1572  1.5720   0.6845E-14
1573  1.5730   0.6845E-14
1574  1.5740   0.6844E-14
1575  1.5750   0.6844E-14
1576  1.5760   0.6843E-14
1577  1.5770   0.6843E-14
1578  1.5780   0.6842E-14
1579  1.5790   0.6842E-14
1580  1.5800   0.6841E-14
1581  1.5810   0.6841E-14
1582  1.5820   0.6840E-14
1583  1.5830   0.6839E-14
1584  1.5840   0.6839E-14
1585  1.5850   0.6838E-14
1586  1.5860   0.6838E-14
1587  1.5870   0.6837E-14
1588  1.5880   0.6836E-14
1589  1.5890   0.6836E-14
1590  1.5900   0.6835E-14
1591  1.5910   0.6835E-14
1592  1.5920   0.6834E-14
1593  1.5930   0.6833E-14
1594  1.5940   0.6833E-14
1595  1.5950   0.6832E-14
1596  1.5960   0.6831E-14
1597  1.5970   0.6831E-14
1598  1.5980   0.6830E-14
1599  1.5990   0.6829E-14
1600  1.6000   0.6829E-14
1601  1.6010   0.6828E-14
1602  1.6020   0.6827E-14
1603  1.6030   0.6826E-14
1604  1.6040   0.6826E-14
1605  1.6050   0.6825E-14
1606  1.6060   0.6824E-14
1607  1.6070   0.6823E-14
1608  1.6080   0.6823E-14
1609  1.6090   0.6822E-14
1610  1.6100   0.6821E-14
1611  1.6110   0.6820E-14
1612  1.6120   0.6820E-14
1613  1.6130   0.6819E-14
1614  1.6140   0.6818E-14
1615  1.6150   0.6817E-14
1616  1.6160   0.6816E-14
1617  1.6170   0.6816E-14
1618  1.6180   0.6815E-14
1619  1.6190   0.6814E-14
1620  1.6200   0.6813E-14
1621  1.6210   0.6812E-14
1622  1.6220   0.6811E-14
1623  1.6230   0.6811E-14
1624  1.6240   0.6810E-14
1625  1.6250   0.6809E-14
1626  1.6260   0.6808E-14
1627  1.6270   0.6807E-14
1628  1.6280   0.6806E-14
1629  1.6290   0.6805E-14
1630  1.6300   0.6804E-14
1631  1.6310   0.6804E-14
1632  1.6320   0.6803E-14
1633  1.6330   0.6802E-14
1634  1.6340   0.6801E-14
1635  1.6350   0.6800E-14
1636  1.6360   0.6799E-14
1637  1.6370   0.6798E-14
1638  1.6380   0.6797E-14
1639  1.6390   0.6796E-14
1640  1.6400   0.6795E-14
1641  1.6410   0.6794E-14
1642  1.6420   0.6793E-14
1643  1.6430   0.6792E-14
1644  1.6440   0.6791E-14
1645  1.6450   0.6790E-14
1646  1.6460   0.6789E-14
1647  1.6470   0.6788E-14
1648  1.6480   0.6787E-14
1649  1.6490   0.6786E-14
1650  1.6500   0.6785E-14
1651  1.6510   0.6784E-14
1652  1.6520   0.6783E-14
1653  1.6530   0.6782E-14
1654  1.6540   0.6781E-14
1655  1.6550   0.6780E-14
1656  1.6560   0.6779E-14
1657  1.6570   0.6778E-14
1658  1.6580   0.6777E-14
1659  1.6590   0.6775E-14
1660  1.6600   0.6774E-14
1661  1.6610   0.6773E-14
1662  1.6620   0.6772E-14
1663  1.6630   0.6771E-14
1664  1.6640   0.6770E-14
1665  1.6650   0.6769E-14
1666  1.6660   0.6768E-14
1667  1.6670   0.6766E-14
1668  1.6680   0.6765E-14
1669  1.6690   0.6764E-14
1670  1.6700   0.6763E-14
1671  1.6710   0.6762E-14
1672  1.6720   0.6761E-14
1673  1.6730   0.6759E-14
1674  1.6740   0.6758E-14
1675  1.6750   0.6757E-14
1676  1.6760   0.6756E-14
1677  1.6770   0.6755E-14
1678  1.6780   0.6753E-14
1679  1.6790   0.6752E-14
1680  1.6800   0.6751E-14
1681  1.6810   0.6750E-14
1682  1.6820   0.6748E-14
1683  1.6830   0.6747E-14
1684  1.6840   0.6746E-14
1685  1.6850   0.6745E-14
1686  1.6860   0.6743E-14
1687  1.6870   0.6742E-14
1688  1.6880   0.6741E-14
1689  1.6890   0.6739E-14
1690  1.6900   0.6738E-14
1691  1.6910   0.6737E-14
1692  1.6920   0.6736E-14
1693  1.6930   0.6734E-14
1694  1.6940   0.6733E-14
1695  1.6950   0.6732E-14
1696  1.6960   0.6730E-14
1697  1.6970   0.6729E-14
1698  1.6980   0.6728E-14
1699  1.6990   0.6726E-14
1700  1.7000   0.6725E-14
1701  1.7010   0.6723E-14
1702  1.7020   0.6722E-14
1703  1.7030   0.6721E-14
1704  1.7040   0.6719E-14
1705  1.7050   0.6718E-14
1706  1.7060   0.6716E-14
1707  1.7070   0.6715E-14
1708  1.7080   0.6714E-14
1709  1.7090   0.6712E-14
1710  1.7100   0.6711E-14
1711  1.7110   0.6709E-14
1712  1.7120   0.6708E-14
1713  1.7130   0.6706E-14
1714  1.7140   0.6705E-14
1715  1.7150   0.6703E-14
1716  1.7160   0.6702E-14
1717  1.7170   0.6701E-14
1718  1.7180   0.6699E-14
1719  1.7190   0.6698E-14
1720  1.7200   0.6696E-14
1721  1.7210   0.6695E-14
1722  1.7220   0.6693E-14
1723  1.7230   0.6691E-14
1724  1.7240   0.6690E-14
1725  1.7250   0.6688E-14
1726  1.7260   0.6687E-14
1727  1.7270   0.6685E-14
1728  1.7280   0.6684E-14
1729  1.7290   0.6682E-14
1730  1.7300   0.6681E-14
1731  1.7310   0.6679E-14
1732  1.7320   0.6677E-14
1733  1.7330   0.6676E-14
1734  1.7340   0.6674E-14
1735  1.7350   0.6673E-14
1736  1.7360   0.6671E-14
1737  1.7370   0.6669E-14
1738  1.7380   0.6668E-14
1739  1.7390   0.6666E-14
1740  1.7400   0.6665E-14
1741  1.7410   0.6663E-14
1742  1.7420   0.6661E-14
1743  1.7430   0.6660E-14
1744  1.7440   0.6658E-14
1745  1.7450   0.6656E-14
1746  1.7460   0.6655E-14
1747  1.7470   0.6653E-14
1748  1.7480   0.6651E-14
1749  1.7490   0.6650E-14
1750  1.7500   0.6648E-14
1751  1.7510   0.6646E-14
1752  1.7520   0.6644E-14
1753  1.7530   0.6643E-14
1754  1.7540   0.6641E-14
1755  1.7550   0.6639E-14
1756  1.7560   0.6638E-14
1757  1.7570   0.6636E-14
1758  1.7580   0.6634E-14
1759  1.7590   0.6632E-14
1760  1.7600   0.6631E-14
1761  1.7610   0.6629E-14
1762  1.7620   0.6627E-14
1763  1.7630   0.6625E-14
1764  1.7640   0.6623E-14
1765  1.7650   0.6622E-14
1766  1.7660   0.6620E-14
1767  1.7670   0.6618E-14
1768  1.7680   0.6616E-14
1769  1.7690   0.6614E-14
1770  1.7700   0.6613E-14
1771  1.7710   0.6611E-14
1772  1.7720   0.6609E-14
1773  1.7730   0.6607E-14
1774  1.7740   0.6605E-14
1775  1.7750   0.6603E-14
1776  1.7760   0.6601E-14
1777  1.7770   0.6600E-14
1778  1.7780   0.6598E-14
1779  1.7790   0.6596E-14
1780  1.7800   0.6594E-14
1781  1.7810   0.6592E-14
1782  1.7820   0.6590E-14
1783  1.7830   0.6588E-14
1784  1.7840   0.6586E-14
1785  1.7850   0.6584E-14
1786  1.7860   0.6582E-14
1787  1.7870   0.6580E-14
1788  1.7880   0.6579E-14
1789  1.7890   0.6577E-14
1790  1.7900   0.6575E-14
1791  1.7910   0.6573E-14
1792  1.7920   0.6571E-14
1793  1.7930   0.6569E-14
1794  1.7940   0.6567E-14
1795  1.7950   0.6565E-14
1796  1.7960   0.6563E-14
1797  1.7970   0.6561E-14
1798  1.7980   0.6559E-14
1799  1.7990   0.6557E-14
1800  1.8000   0.6555E-14
1801  1.8010   0.6553E-14
1802  1.8020   0.6551E-14
1803  1.8030   0.6549E-14
1804  1.8040   0.6546E-14
1805  1.8050   0.6544E-14
1806  1.8060   0.6542E-14
1807  1.8070   0.6540E-14
1808  1.8080   0.6538E-14
1809  1.8090   0.6536E-14
1810  1.8100   0.6534E-14
1811  1.8110   0.6532E-14
1812  1.8120   0.6530E-14
1813  1.8130   0.6528E-14
1814  1.8140   0.6526E-14
1815  1.8150   0.6524E-14
1816  1.8160   0.6521E-14
1817  1.8170   0.6519E-14
1818  1.8180   0.6517E-14
1819  1.8190   0.6515E-14
1820  1.8200   0.6513E-14
1821  1.8210   0.6511E-14
1822  1.8220   0.6509E-14
1823  1.8230   0.6506E-14
1824  1.8240   0.6504E-14
1825  1.8250   0.6502E-14
1826  1.8260   0.6500E-14
1827  1.8270   0.6498E-14
1828  1.8280   0.6495E-14
1829  1.8290   0.6493E-14
1830  1.8300   0.6491E-14
1831  1.8310   0.6489E-14
1832  1.8320   0.6487E-14
1833  1.8330   0.6484E-14
1834  1.8340   0.6482E-14
1835  1.8350   0.6480E-14
1836  1.8360   0.6478E-14
1837  1.8370   0.6475E-14
1838  1.8380   0.6473E-14
1839  1.8390   0.6471E-14
1840  1.8400   0.6468E-14
1841  1.8410   0.6466E-14
1842  1.8420   0.6464E-14
1843  1.8430   0.6462E-14
1844  1.8440   0.6459E-14
1845  1.8450   0.6457E-14
1846  1.8460   0.6455E-14
1847  1.8470   0.6452E-14
1848  1.8480   0.6450E-14
1849  1.8490   0.6448E-14
1850  1.8500   0.6445E-14
1851  1.8510   0.6443E-14
1852  1.8520   0.6441E-14
1853  1.8530   0.6438E-14
1854  1.8540   0.6436E-14
1855  1.8550   0.6434E-14
1856  1.8560   0.6431E-14
1857  1.8570   0.6429E-14
1858  1.8580   0.6426E-14
1859  1.8590   0.6424E-14
1860  1.8600   0.6422E-14
1861  1.8610   0.6419E-14
1862  1.8620   0.6417E-14
1863  1.8630   0.6414E-14
1864  1.8640   0.6412E-14
1865  1.8650   0.6410E-14
1866  1.8660   0.6407E-14
1867  1.8670   0.6405E-14
1868  1.8680   0.6402E-14
1869  1.8690   0.6400E-14
1870  1.8700   0.6397E-14
1871  1.8710   0.6395E-14
1872  1.8720   0.6392E-14
1873  1.8730   0.6390E-14
1874  1.8740   0.6387E-14
1875  1.8750   0.6385E-14
1876  1.8760   0.6382E-14
1877  1.8770   0.6380E-14
1878  1.8780   0.6377E-14
1879  1.8790   0.6375E-14
1880  1.8800   0.6372E-14
1881  1.8810   0.6370E-14
1882  1.8820   0.6367E-14
1883  1.8830   0.6365E-14
1884  1.8840   0.6362E-14
1885  1.8850   0.6360E-14
1886  1.8860   0.6357E-14
1887  1.8870   0.6354E-14
1888  1.8880   0.6352E-14
1889  1.8890   0.6349E-14
1890  1.8900   0.6347E-14
1891  1.8910   0.6344E-14
1892  1.8920   0.6341E-14
1893  1.8930   0.6339E-14
1894  1.8940   0.6336E-14
1895  1.8950   0.6334E-14
1896  1.8960   0.6331E-14
1897  1.8970   0.6328E-14
1898  1.8980   0.6326E-14
1899  1.8990   0.6323E-14
1900  1.9000   0.6320E-14
1901  1.9010   0.6318E-14
1902  1.9020   0.6315E-14
1903  1.9030   0.6312E-14
1904  1.9040   0.6310E-14
1905  1.9050   0.6307E-14
1906  1.9060   0.6304E-14
1907  1.9070   0.6302E-14
1908  1.9080   0.6299E-14
1909  1.9090   0.6296E-14
1910  1.9100   0.6294E-14
1911  1.9110   0.6291E-14
1912  1.9120   0.6288E-14
1913  1.9130   0.6285E-14
1914  1.9140   0.6283E-14
1915  1.9150   0.6280E-14
1916  1.9160   0.6277E-14
1917  1.9170   0.6274E-14
1918  1.9180   0.6272E-14
1919  1.9190   0.6269E-14
1920  1.9200   0.6266E-14
1921  1.9210   0.6263E-14
1922  1.9220   0.6261E-14
1923  1.9230   0.6258E-14
1924  1.9240   0.6255E-14
1925  1.9250   0.6252E-14
1926  1.9260   0.6249E-14
1927  1.9270   0.6247E-14
1928  1.9280   0.6244E-14
1929  1.9290   0.6241E-14
1930  1.9300   0.6238E-14
1931  1.9310   0.6235E-14
1932  1.9320   0.6232E-14
1933  1.9330   0.6230E-14
1934  1.9340   0.6227E-14
1935  1.9350   0.6224E-14
1936  1.9360   0.6221E-14
1937  1.9370   0.6218E-14
1938  1.9380   0.6215E-14
1939  1.9390   0.6212E-14
1940  1.9400   0.6210E-14
1941  1.9410   0.6207E-14
1942  1.9420   0.6204E-14
1943  1.9430   0.6201E-14
1944  1.9440   0.6198E-14
1945  1.9450   0.6195E-14
1946  1.9460   0.6192E-14
1947  1.9470   0.6189E-14
1948  1.9480   0.6186E-14
1949  1.9490   0.6183E-14
1950  1.9500   0.6180E-14
1951  1.9510   0.6177E-14
1952  1.9520   0.6174E-14
1953  1.9530   0.6171E-14
1954  1.9540   0.6168E-14
1955  1.9550   0.6165E-14
1956  1.9560   0.6162E-14
1957  1.9570   0.6160E-14
1958  1.9580   0.6157E-14
1959  1.9590   0.6154E-14
1960  1.9600   0.6151E-14
1961  1.9610   0.6147E-14
1962  1.9620   0.6144E-14
1963  1.9630   0.6141E-14
1964  1.9640   0.6138E-14
1965  1.9650   0.6135E-14
1966  1.9660   0.6132E-14
1967  1.9670   0.6129E-14
1968  1.9680   0.6126E-14
1969  1.9690   0.6123E-14
1970  1.9700   0.6120E-14
1971  1.9710   0.6117E-14
1972  1.9720   0.6114E-14
1973  1.9730   0.6111E-14
1974  1.9740   0.6108E-14
1975  1.9750   0.6105E-14
1976  1.9760   0.6102E-14
1977  1.9770   0.6098E-14
1978  1.9780   0.6095E-14
1979  1.9790   0.6092E-14
1980  1.9800   0.6089E-14
1981  1.9810   0.6086E-14
1982  1.9820   0.6083E-14
1983  1.9830   0.6080E-14
1984  1.9840   0.6077E-14
1985  1.9850   0.6073E-14
1986  1.9860   0.6070E-14
1987  1.9870   0.6067E-14
1988  1.9880   0.6064E-14
1989  1.9890   0.6061E-14
1990  1.9900   0.6058E-14
1991  1.9910   0.6054E-14
1992  1.9920   0.6051E-14
1993  1.9930   0.6048E-14
1994  1.9940   0.6045E-14
1995  1.9950   0.6042E-14
1996  1.9960   0.6038E-14
1997  1.9970   0.6035E-14
1998  1.9980   0.6032E-14
1999  1.9990   0.6029E-14
2000  2.0000   0.6025E-14
2001  2.0010   0.6022E-14
2002  2.0020   0.6019E-14
2003  2.0030   0.6016E-14
2004  2.0040   0.6012E-14
2005  2.0050   0.6009E-14
2006  2.0060   0.6006E-14
2007  2.0070   0.6003E-14
2008  2.0080   0.5999E-14
2009  2.0090   0.5996E-14
2010  2.0100   0.5993E-14
2011  2.0110   0.5990E-14
2012  2.0120   0.5986E-14
2013  2.0130   0.5983E-14
2014  2.0140   0.5980E-14
2015  2.0150   0.5976E-14
2016  2.0160   0.5973E-14
2017  2.0170   0.5970E-14
2018  2.0180   0.5966E-14
2019  2.0190   0.5963E-14
2020  2.0200   0.5960E-14
2021  2.0210   0.5956E-14
2022  2.0220   0.5953E-14
2023  2.0230   0.5949E-14
2024  2.0240   0.5946E-14
2025  2.0250   0.5943E-14
2026  2.0260   0.5939E-14
2027  2.0270   0.5936E-14
2028  2.0280   0.5933E-14
2029  2.0290   0.5929E-14
2030  2.0300   0.5926E-14
2031  2.0310   0.5922E-14
2032  2.0320   0.5919E-14
2033  2.0330   0.5916E-14
2034  2.0340   0.5912E-14
2035  2.0350   0.5909E-14
2036  2.0360   0.5905E-14
2037  2.0370   0.5902E-14
2038  2.0380   0.5898E-14
2039  2.0390   0.5895E-14
2040  2.0400   0.5891E-14
2041  2.0410   0.5888E-14
2042  2.0420   0.5884E-14
2043  2.0430   0.5881E-14
2044  2.0440   0.5878E-14
2045  2.0450   0.5874E-14
2046  2.0460   0.5871E-14
2047  2.0470   0.5867E-14
2048  2.0480   0.5864E-14
2049  2.0490   0.5860E-14
2050  2.0500   0.5857E-14
2051  2.0510   0.5853E-14
2052  2.0520   0.5849E-14
2053  2.0530   0.5846E-14
2054  2.0540   0.5842E-14
2055  2.0550   0.5839E-14
2056  2.0560   0.5835E-14
2057  2.0570   0.5832E-14
2058  2.0580   0.5828E-14
2059  2.0590   0.5825E-14
2060  2.0600   0.5821E-14
2061  2.0610   0.5818E-14
2062  2.0620   0.5814E-14
2063  2.0630   0.5810E-14
2064  2.0640   0.5807E-14
2065  2.0650   0.5803E-14
2066  2.0660   0.5800E-14
2067  2.0670   0.5796E-14
2068  2.0680   0.5792E-14
2069  2.0690   0.5789E-14
2070  2.0700   0.5785E-14
2071  2.0710   0.5781E-14
2072  2.0720   0.5778E-14
2073  2.0730   0.5774E-14
2074  2.0740   0.5771E-14
2075  2.0750   0.5767E-14
2076  2.0760   0.5763E-14
2077  2.0770   0.5760E-14
2078  2.0780   0.5756E-14
2079  2.0790   0.5752E-14
2080  2.0800   0.5749E-14
2081  2.0810   0.5745E-14
2082  2.0820   0.5741E-14
2083  2.0830   0.5738E-14
2084  2.0840   0.5734E-14
2085  2.0850   0.5730E-14
2086  2.0860   0.5726E-14
2087  2.0870   0.5723E-14
2088  2.0880   0.5719E-14
2089  2.0890   0.5715E-14
2090  2.0900   0.5712E-14
2091  2.0910   0.5708E-14
2092  2.0920   0.5704E-14
2093  2.0930   0.5700E-14
2094  2.0940   0.5697E-14
2095  2.0950   0.5693E-14
2096  2.0960   0.5689E-14
2097  2.0970   0.5685E-14
2098  2.0980   0.5682E-14
2099  2.0990   0.5678E-14
2100  2.1000   0.5674E-14
2101  2.1010   0.5670E-14
2102  2.1020   0.5666E-14
2103  2.1030   0.5663E-14
2104  2.1040   0.5659E-14
2105  2.1050   0.5655E-14
2106  2.1060   0.5651E-14
2107  2.1070   0.5647E-14
2108  2.1080   0.5644E-14
2109  2.1090   0.5640E-14
2110  2.1100   0.5636E-14
2111  2.1110   0.5632E-14
2112  2.1120   0.5628E-14
2113  2.1130   0.5624E-14
2114  2.1140   0.5621E-14
2115  2.1150   0.5617E-14
2116  2.1160   0.5613E-14
2117  2.1170   0.5609E-14
2118  2.1180   0.5605E-14
2119  2.1190   0.5601E-14
2120  2.1200   0.5597E-14
2121  2.1210   0.5594E-14
2122  2.1220   0.5590E-14
2123  2.1230   0.5586E-14
2124  2.1240   0.5582E-14
2125  2.1250   0.5578E-14
2126  2.1260   0.5574E-14
2127  2.1270   0.5570E-14
2128  2.1280   0.5566E-14
2129  2.1290   0.5562E-14
2130  2.1300   0.5558E-14
2131  2.1310   0.5554E-14
2132  2.1320   0.5550E-14
2133  2.1330   0.5547E-14
2134  2.1340   0.5543E-14
2135  2.1350   0.5539E-14
2136  2.1360   0.5535E-14
2137  2.1370   0.5531E-14
2138  2.1380   0.5527E-14
2139  2.1390   0.5523E-14
2140  2.1400   0.5519E-14
2141  2.1410   0.5515E-14
2142  2.1420   0.5511E-14
2143  2.1430   0.5507E-14
2144  2.1440   0.5503E-14
2145  2.1450   0.5499E-14
2146  2.1460   0.5495E-14
2147  2.1470   0.5491E-14
2148  2.1480   0.5487E-14
2149  2.1490   0.5483E-14
2150  2.1500   0.5479E-14
2151  2.1510   0.5475E-14
2152  2.1520   0.5471E-14
2153  2.1530   0.5467E-14
2154  2.1540   0.5463E-14
2155  2.1550   0.5458E-14
2156  2.1560   0.5454E-14
2157  2.1570   0.5450E-14
2158  2.1580   0.5446E-14
2159  2.1590   0.5442E-14
2160  2.1600   0.5438E-14
2161  2.1610   0.5434E-14
2162  2.1620   0.5430E-14
2163  2.1630   0.5426E-14
2164  2.1640   0.5422E-14
2165  2.1650   0.5418E-14
2166  2.1660   0.5414E-14
2167  2.1670   0.5409E-14
2168  2.1680   0.5405E-14
2169  2.1690   0.5401E-14
2170  2.1700   0.5397E-14
2171  2.1710   0.5393E-14
2172  2.1720   0.5389E-14
2173  2.1730   0.5385E-14
2174  2.1740   0.5381E-14
2175  2.1750   0.5376E-14
2176  2.1760   0.5372E-14
2177  2.1770   0.5368E-14
2178  2.1780   0.5364E-14
2179  2.1790   0.5360E-14
2180  2.1800   0.5356E-14
2181  2.1810   0.5351E-14
2182  2.1820   0.5347E-14
2183  2.1830   0.5343E-14
2184  2.1840   0.5339E-14
2185  2.1850   0.5335E-14
2186  2.1860   0.5331E-14
2187  2.1870   0.5326E-14
2188  2.1880   0.5322E-14
2189  2.1890   0.5318E-14
2190  2.1900   0.5314E-14
2191  2.1910   0.5309E-14
2192  2.1920   0.5305E-14
2193  2.1930   0.5301E-14
2194  2.1940   0.5297E-14
2195  2.1950   0.5293E-14
2196  2.1960   0.5288E-14
2197  2.1970   0.5284E-14
2198  2.1980   0.5280E-14
2199  2.1990   0.5276E-14
2200  2.2000   0.5271E-14
2201  2.2010   0.5267E-14
2202  2.2020   0.5263E-14
2203  2.2030   0.5258E-14
2204  2.2040   0.5254E-14
2205  2.2050   0.5250E-14
2206  2.2060   0.5246E-14
2207  2.2070   0.5241E-14
2208  2.2080   0.5237E-14
2209  2.2090   0.5233E-14
2210  2.2100   0.5228E-14
2211  2.2110   0.5224E-14
2212  2.2120   0.5220E-14
2213  2.2130   0.5215E-14
2214  2.2140   0.5211E-14
2215  2.2150   0.5207E-14
2216  2.2160   0.5202E-14
2217  2.2170   0.5198E-14
2218  2.2180   0.5194E-14
2219  2.2190   0.5189E-14
2220  2.2200   0.5185E-14
2221  2.2210   0.5181E-14
2222  2.2220   0.5176E-14
2223  2.2230   0.5172E-14
2224  2.2240   0.5168E-14
2225  2.2250   0.5163E-14
2226  2.2260   0.5159E-14
2227  2.2270   0.5155E-14
2228  2.2280   0.5150E-14
2229  2.2290   0.5146E-14
2230  2.2300   0.5141E-14
2231  2.2310   0.5137E-14
2232  2.2320   0.5133E-14
2233  2.2330   0.5128E-14
2234  2.2340   0.5124E-14
2235  2.2350   0.5119E-14
2236  2.2360   0.5115E-14
2237  2.2370   0.5110E-14
2238  2.2380   0.5106E-14
2239  2.2390   0.5102E-14
2240  2.2400   0.5097E-14
2241  2.2410   0.5093E-14
2242  2.2420   0.5088E-14
2243  2.2430   0.5084E-14
2244  2.2440   0.5079E-14
2245  2.2450   0.5075E-14
2246  2.2460   0.5070E-14
2247  2.2470   0.5066E-14
2248  2.2480   0.5062E-14
2249  2.2490   0.5057E-14
2250  2.2500   0.5053E-14
2251  2.2510   0.5048E-14
2252  2.2520   0.5044E-14
2253  2.2530   0.5039E-14
2254  2.2540   0.5035E-14
2255  2.2550   0.5030E-14
2256  2.2560   0.5026E-14
2257  2.2570   0.5021E-14
2258  2.2580   0.5017E-14
2259  2.2590   0.5012E-14
2260  2.2600   0.5008E-14
2261  2.2610   0.5003E-14
2262  2.2620   0.4998E-14
2263  2.2630   0.4994E-14
2264  2.2640   0.4989E-14
2265  2.2650   0.4985E-14
2266  2.2660   0.4980E-14
2267  2.2670   0.4976E-14
2268  2.2680   0.4971E-14
2269  2.2690   0.4967E-14
2270  2.2700   0.4962E-14
2271  2.2710   0.4958E-14
2272  2.2720   0.4953E-14
2273  2.2730   0.4948E-14
2274  2.2740   0.4944E-14
2275  2.2750   0.4939E-14
2276  2.2760   0.4935E-14
2277  2.2770   0.4930E-14
2278  2.2780   0.4925E-14
2279  2.2790   0.4921E-14
2280  2.2800   0.4916E-14
2281  2.2810   0.4912E-14
2282  2.2820   0.4907E-14
2283  2.2830   0.4902E-14
2284  2.2840   0.4898E-14
2285  2.2850   0.4893E-14
2286  2.2860   0.4889E-14
2287  2.2870   0.4884E-14
2288  2.2880   0.4879E-14
2289  2.2890   0.4875E-14
2290  2.2900   0.4870E-14
2291  2.2910   0.4865E-14
2292  2.2920   0.4861E-14
2293  2.2930   0.4856E-14
2294  2.2940   0.4851E-14
2295  2.2950   0.4847E-14
2296  2.2960   0.4842E-14
2297  2.2970   0.4837E-14
2298  2.2980   0.4833E-14
2299  2.2990   0.4828E-14
2300  2.3000   0.4823E-14
2301  2.3010   0.4819E-14
2302  2.3020   0.4814E-14
2303  2.3030   0.4809E-14
2304  2.3040   0.4805E-14
2305  2.3050   0.4800E-14
2306  2.3060   0.4795E-14
2307  2.3070   0.4791E-14
2308  2.3080   0.4786E-14
2309  2.3090   0.4781E-14
2310  2.3100   0.4776E-14
2311  2.3110   0.4772E-14
2312  2.3120   0.4767E-14
2313  2.3130   0.4762E-14
2314  2.3140   0.4758E-14
2315  2.3150   0.4753E-14
2316  2.3160   0.4748E-14
2317  2.3170   0.4743E-14
2318  2.3180   0.4739E-14
2319  2.3190   0.4734E-14
2320  2.3200   0.4729E-14
2321  2.3210   0.4724E-14
2322  2.3220   0.4720E-14
2323  2.3230   0.4715E-14
2324  2.3240   0.4710E-14
2325  2.3250   0.4705E-14
2326  2.3260   0.4700E-14
2327  2.3270   0.4696E-14
2328  2.3280   0.4691E-14
2329  2.3290   0.4686E-14
2330  2.3300   0.4681E-14
2331  2.3310   0.4677E-14
2332  2.3320   0.4672E-14
2333  2.3330   0.4667E-14
2334  2.3340   0.4662E-14
2335  2.3350   0.4657E-14
2336  2.3360   0.4653E-14
2337  2.3370   0.4648E-14
2338  2.3380   0.4643E-14
2339  2.3390   0.4638E-14
2340  2.3400   0.4633E-14
2341  2.3410   0.4628E-14
2342  2.3420   0.4624E-14
2343  2.3430   0.4619E-14
2344  2.3440   0.4614E-14
2345  2.3450   0.4609E-14
2346  2.3460   0.4604E-14
2347  2.3470   0.4599E-14
2348  2.3480   0.4594E-14
2349  2.3490   0.4590E-14
2350  2.3500   0.4585E-14
2351  2.3510   0.4580E-14
2352  2.3520   0.4575E-14
2353  2.3530   0.4570E-14
2354  2.3540   0.4565E-14
2355  2.3550   0.4560E-14
2356  2.3560   0.4556E-14
2357  2.3570   0.4551E-14
2358  2.3580   0.4546E-14
2359  2.3590   0.4541E-14
2360  2.3600   0.4536E-14
2361  2.3610   0.4531E-14
2362  2.3620   0.4526E-14
2363  2.3630   0.4521E-14
2364  2.3640   0.4516E-14
2365  2.3650   0.4511E-14
2366  2.3660   0.4507E-14
2367  2.3670   0.4502E-14
2368  2.3680   0.4497E-14
2369  2.3690   0.4492E-14
2370  2.3700   0.4487E-14
2371  2.3710   0.4482E-14
2372  2.3720   0.4477E-14
2373  2.3730   0.4472E-14
2374  2.3740   0.4467E-14
2375  2.3750   0.4462E-14
2376  2.3760   0.4457E-14
2377  2.3770   0.4452E-14
2378  2.3780   0.4447E-14
2379  2.3790   0.4442E-14
2380  2.3800   0.4437E-14
2381  2.3810   0.4432E-14
2382  2.3820   0.4427E-14
2383  2.3830   0.4423E-14
2384  2.3840   0.4418E-14
2385  2.3850   0.4413E-14
2386  2.3860   0.4408E-14
2387  2.3870   0.4403E-14
2388  2.3880   0.4398E-14
2389  2.3890   0.4393E-14
2390  2.3900   0.4388E-14
2391  2.3910   0.4383E-14
2392  2.3920   0.4378E-14
2393  2.3930   0.4373E-14
2394  2.3940   0.4368E-14
2395  2.3950   0.4363E-14
2396  2.3960   0.4358E-14
2397  2.3970   0.4353E-14
2398  2.3980   0.4348E-14
2399  2.3990   0.4343E-14
2400  2.4000   0.4338E-14
2401  2.4010   0.4333E-14
2402  2.4020   0.4328E-14
2403  2.4030   0.4323E-14
2404  2.4040   0.4317E-14
2405  2.4050   0.4312E-14
2406  2.4060   0.4307E-14
2407  2.4070   0.4302E-14
2408  2.4080   0.4297E-14
2409  2.4090   0.4292E-14
2410  2.4100   0.4287E-14
2411  2.4110   0.4282E-14
2412  2.4120   0.4277E-14
2413  2.4130   0.4272E-14
2414  2.4140   0.4267E-14
2415  2.4150   0.4262E-14
2416  2.4160   0.4257E-14
2417  2.4170   0.4252E-14
2418  2.4180   0.4247E-14
2419  2.4190   0.4242E-14
2420  2.4200   0.4237E-14
2421  2.4210   0.4231E-14
2422  2.4220   0.4226E-14
2423  2.4230   0.4221E-14
2424  2.4240   0.4216E-14
2425  2.4250   0.4211E-14
2426  2.4260   0.4206E-14
2427  2.4270   0.4201E-14
2428  2.4280   0.4196E-14
2429  2.4290   0.4191E-14
2430  2.4300   0.4186E-14
2431  2.4310   0.4180E-14
2432  2.4320   0.4175E-14
2433  2.4330   0.4170E-14
2434  2.4340   0.4165E-14
2435  2.4350   0.4160E-14
2436  2.4360   0.4155E-14
2437  2.4370   0.4150E-14
2438  2.4380   0.4145E-14
2439  2.4390   0.4140E-14
2440  2.4400   0.4134E-14
2441  2.4410   0.4129E-14
2442  2.4420   0.4124E-14
2443  2.4430   0.4119E-14
2444  2.4440   0.4114E-14
2445  2.4450   0.4109E-14
2446  2.4460   0.4104E-14
2447  2.4470   0.4098E-14
2448  2.4480   0.4093E-14
2449  2.4490   0.4088E-14
2450  2.4500   0.4083E-14
2451  2.4510   0.4078E-14
2452  2.4520   0.4073E-14
2453  2.4530   0.4067E-14
2454  2.4540   0.4062E-14
2455  2.4550   0.4057E-14
2456  2.4560   0.4052E-14
2457  2.4570   0.4047E-14
2458  2.4580   0.4042E-14
2459  2.4590   0.4036E-14
2460  2.4600   0.4031E-14
2461  2.4610   0.4026E-14
2462  2.4620   0.4021E-14
2463  2.4630   0.4016E-14
2464  2.4640   0.4010E-14
2465  2.4650   0.4005E-14
2466  2.4660   0.4000E-14
2467  2.4670   0.3995E-14
2468  2.4680   0.3990E-14
2469  2.4690   0.3984E-14
2470  2.4700   0.3979E-14
2471  2.4710   0.3974E-14
2472  2.4720   0.3969E-14
2473  2.4730   0.3964E-14
2474  2.4740   0.3958E-14
2475  2.4750   0.3953E-14
2476  2.4760   0.3948E-14
2477  2.4770   0.3943E-14
2478  2.4780   0.3937E-14
2479  2.4790   0.3932E-14
2480  2.4800   0.3927E-14
2481  2.4810   0.3922E-14
2482  2.4820   0.3916E-14
2483  2.4830   0.3911E-14
2484  2.4840   0.3906E-14
2485  2.4850   0.3901E-14
2486  2.4860   0.3895E-14
2487  2.4870   0.3890E-14
2488  2.4880   0.3885E-14
2489  2.4890   0.3880E-14
2490  2.4900   0.3874E-14
2491  2.4910   0.3869E-14
2492  2.4920   0.3864E-14
2493  2.4930   0.3859E-14
2494  2.4940   0.3853E-14
2495  2.4950   0.3848E-14
2496  2.4960   0.3843E-14
2497  2.4970   0.3838E-14
2498  2.4980   0.3832E-14
2499  2.4990   0.3827E-14
2500  2.5000   0.3822E-14
2501  2.5010   0.3817E-14
2502  2.5020   0.3811E-14
2503  2.5030   0.3806E-14
2504  2.5040   0.3801E-14
2505  2.5050   0.3795E-14
2506  2.5060   0.3790E-14
2507  2.5070   0.3785E-14
2508  2.5080   0.3780E-14
2509  2.5090   0.3774E-14
2510  2.5100   0.3769E-14
2511  2.5110   0.3764E-14
2512  2.5120   0.3758E-14
2513  2.5130   0.3753E-14
2514  2.5140   0.3748E-14
2515  2.5150   0.3742E-14
2516  2.5160   0.3737E-14
2517  2.5170   0.3732E-14
2518  2.5180   0.3726E-14
2519  2.5190   0.3721E-14
2520  2.5200   0.3716E-14
2521  2.5210   0.3711E-14
2522  2.5220   0.3705E-14
2523  2.5230   0.3700E-14
2524  2.5240   0.3695E-14
2525  2.5250   0.3689E-14
2526  2.5260   0.3684E-14
2527  2.5270   0.3679E-14
2528  2.5280   0.3673E-14
2529  2.5290   0.3668E-14
2530  2.5300   0.3663E-14
2531  2.5310   0.3657E-14
2532  2.5320   0.3652E-14
2533  2.5330   0.3647E-14
2534  2.5340   0.3641E-14
2535  2.5350   0.3636E-14
2536  2.5360   0.3631E-14
2537  2.5370   0.3625E-14
2538  2.5380   0.3620E-14
2539  2.5390   0.3614E-14
2540  2.5400   0.3609E-14
2541  2.5410   0.3604E-14
2542  2.5420   0.3598E-14
2543  2.5430   0.3593E-14
2544  2.5440   0.3588E-14
2545  2.5450   0.3582E-14
2546  2.5460   0.3577E-14
2547  2.5470   0.3572E-14
2548  2.5480   0.3566E-14
2549  2.5490   0.3561E-14
2550  2.5500   0.3556E-14
2551  2.5510   0.3550E-14
2552  2.5520   0.3545E-14
2553  2.5530   0.3539E-14
2554  2.5540   0.3534E-14
2555  2.5550   0.3529E-14
2556  2.5560   0.3523E-14
2557  2.5570   0.3518E-14
2558  2.5580   0.3513E-14
2559  2.5590   0.3507E-14
2560  2.5600   0.3502E-14
2561  2.5610   0.3496E-14
2562  2.5620   0.3491E-14
2563  2.5630   0.3486E-14
2564  2.5640   0.3480E-14
2565  2.5650   0.3475E-14
2566  2.5660   0.3469E-14
2567  2.5670   0.3464E-14
2568  2.5680   0.3459E-14
2569  2.5690   0.3453E-14
2570  2.5700   0.3448E-14
2571  2.5710   0.3442E-14
2572  2.5720   0.3437E-14
2573  2.5730   0.3432E-14
2574  2.5740   0.3426E-14
2575  2.5750   0.3421E-14
2576  2.5760   0.3415E-14
2577  2.5770   0.3410E-14
2578  2.5780   0.3405E-14
2579  2.5790   0.3399E-14
2580  2.5800   0.3394E-14
2581  2.5810   0.3388E-14
2582  2.5820   0.3383E-14
2583  2.5830   0.3378E-14
2584  2.5840   0.3372E-14
2585  2.5850   0.3367E-14
2586  2.5860   0.3361E-14
2587  2.5870   0.3356E-14
2588  2.5880   0.3350E-14
2589  2.5890   0.3345E-14
2590  2.5900   0.3340E-14
2591  2.5910   0.3334E-14
2592  2.5920   0.3329E-14
2593  2.5930   0.3323E-14
2594  2.5940   0.3318E-14
2595  2.5950   0.3312E-14
2596  2.5960   0.3307E-14
2597  2.5970   0.3302E-14
2598  2.5980   0.3296E-14
2599  2.5990   0.3291E-14
2600  2.6000   0.3285E-14
2601  2.6010   0.3280E-14
2602  2.6020   0.3274E-14
2603  2.6030   0.3269E-14
2604  2.6040   0.3263E-14
2605  2.6050   0.3258E-14
2606  2.6060   0.3253E-14
2607  2.6070   0.3247E-14
2608  2.6080   0.3242E-14
2609  2.6090   0.3236E-14
2610  2.6100   0.3231E-14
2611  2.6110   0.3225E-14
2612  2.6120   0.3220E-14
2613  2.6130   0.3214E-14
2614  2.6140   0.3209E-14
2615  2.6150   0.3204E-14
2616  2.6160   0.3198E-14
2617  2.6170   0.3193E-14
2618  2.6180   0.3187E-14
2619  2.6190   0.3182E-14
2620  2.6200   0.3176E-14
2621  2.6210   0.3171E-14
2622  2.6220   0.3165E-14
2623  2.6230   0.3160E-14
2624  2.6240   0.3154E-14
2625  2.6250   0.3149E-14
2626  2.6260   0.3144E-14
2627  2.6270   0.3138E-14
2628  2.6280   0.3133E-14
2629  2.6290   0.3127E-14
2630  2.6300   0.3122E-14
2631  2.6310   0.3116E-14
2632  2.6320   0.3111E-14
2633  2.6330   0.3105E-14
2634  2.6340   0.3100E-14
2635  2.6350   0.3094E-14
2636  2.6360   0.3089E-14
2637  2.6370   0.3083E-14
2638  2.6380   0.3078E-14
2639  2.6390   0.3072E-14
2640  2.6400   0.3067E-14
2641  2.6410   0.3062E-14
2642  2.6420   0.3056E-14
2643  2.6430   0.3051E-14
2644  2.6440   0.3045E-14
2645  2.6450   0.3040E-14
2646  2.6460   0.3034E-14
2647  2.6470   0.3029E-14
2648  2.6480   0.3023E-14
2649  2.6490   0.3018E-14
2650  2.6500   0.3012E-14
2651  2.6510   0.3007E-14
2652  2.6520   0.3001E-14
2653  2.6530   0.2996E-14
2654  2.6540   0.2990E-14
2655  2.6550   0.2985E-14
2656  2.6560   0.2979E-14
2657  2.6570   0.2974E-14
2658  2.6580   0.2968E-14
2659  2.6590   0.2963E-14
2660  2.6600   0.2957E-14
2661  2.6610   0.2952E-14
2662  2.6620   0.2946E-14
2663  2.6630   0.2941E-14
2664  2.6640   0.2936E-14
2665  2.6650   0.2930E-14
2666  2.6660   0.2925E-14
2667  2.6670   0.2919E-14
2668  2.6680   0.2914E-14
2669  2.6690   0.2908E-14
2670  2.6700   0.2903E-14
2671  2.6710   0.2897E-14
2672  2.6720   0.2892E-14
2673  2.6730   0.2886E-14
2674  2.6740   0.2881E-14
2675  2.6750   0.2875E-14
2676  2.6760   0.2870E-14
2677  2.6770   0.2864E-14
2678  2.6780   0.2859E-14
2679  2.6790   0.2853E-14
2680  2.6800   0.2848E-14
2681  2.6810   0.2842E-14
2682  2.6820   0.2837E-14
2683  2.6830   0.2831E-14
2684  2.6840   0.2826E-14
2685  2.6850   0.2820E-14
2686  2.6860   0.2815E-14
2687  2.6870   0.2809E-14
2688  2.6880   0.2804E-14
2689  2.6890   0.2798E-14
2690  2.6900   0.2793E-14
2691  2.6910   0.2787E-14
2692  2.6920   0.2782E-14
2693  2.6930   0.2776E-14
2694  2.6940   0.2771E-14
2695  2.6950   0.2765E-14
2696  2.6960   0.2760E-14
2697  2.6970   0.2754E-14
2698  2.6980   0.2749E-14
2699  2.6990   0.2743E-14
2700  2.7000   0.2738E-14
2701  2.7010   0.2732E-14
2702  2.7020   0.2727E-14
2703  2.7030   0.2721E-14
2704  2.7040   0.2716E-14
2705  2.7050   0.2710E-14
2706  2.7060   0.2705E-14
2707  2.7070   0.2699E-14
2708  2.7080   0.2694E-14
2709  2.7090   0.2689E-14
2710  2.7100   0.2683E-14
2711  2.7110   0.2678E-14
2712  2.7120   0.2672E-14
2713  2.7130   0.2667E-14
2714  2.7140   0.2661E-14
2715  2.7150   0.2656E-14
2716  2.7160   0.2650E-14
2717  2.7170   0.2645E-14
2718  2.7180   0.2639E-14
2719  2.7190   0.2634E-14
2720  2.7200   0.2628E-14
2721  2.7210   0.2623E-14
2722  2.7220   0.2617E-14
2723  2.7230   0.2612E-14
2724  2.7240   0.2606E-14
2725  2.7250   0.2601E-14
2726  2.7260   0.2595E-14
2727  2.7270   0.2590E-14
2728  2.7280   0.2584E-14
2729  2.7290   0.2579E-14
2730  2.7300   0.2573E-14
2731  2.7310   0.2568E-14
2732  2.7320   0.2562E-14
2733  2.7330   0.2557E-14
2734  2.7340   0.2551E-14
2735  2.7350   0.2546E-14
2736  2.7360   0.2540E-14
2737  2.7370   0.2535E-14
2738  2.7380   0.2529E-14
2739  2.7390   0.2524E-14
2740  2.7400   0.2518E-14
2741  2.7410   0.2513E-14
2742  2.7420   0.2508E-14
2743  2.7430   0.2502E-14
2744  2.7440   0.2497E-14
2745  2.7450   0.2491E-14
2746  2.7460   0.2486E-14
2747  2.7470   0.2480E-14
2748  2.7480   0.2475E-14
2749  2.7490   0.2469E-14
2750  2.7500   0.2464E-14
2751  2.7510   0.2458E-14
2752  2.7520   0.2453E-14
2753  2.7530   0.2447E-14
2754  2.7540   0.2442E-14
2755  2.7550   0.2436E-14
2756  2.7560   0.2431E-14
2757  2.7570   0.2425E-14
2758  2.7580   0.2420E-14
2759  2.7590   0.2414E-14
2760  2.7600   0.2409E-14
2761  2.7610   0.2404E-14
2762  2.7620   0.2398E-14
2763  2.7630   0.2393E-14
2764  2.7640   0.2387E-14
2765  2.7650   0.2382E-14
2766  2.7660   0.2376E-14
2767  2.7670   0.2371E-14
2768  2.7680   0.2365E-14
2769  2.7690   0.2360E-14
2770  2.7700   0.2354E-14
2771  2.7710   0.2349E-14
2772  2.7720   0.2343E-14
2773  2.7730   0.2338E-14
2774  2.7740   0.2333E-14
2775  2.7750   0.2327E-14
2776  2.7760   0.2322E-14
2777  2.7770   0.2316E-14
2778  2.7780   0.2311E-14
2779  2.7790   0.2305E-14
2780  2.7800   0.2300E-14
2781  2.7810   0.2294E-14
2782  2.7820   0.2289E-14
2783  2.7830   0.2284E-14
2784  2.7840   0.2278E-14
2785  2.7850   0.2273E-14
2786  2.7860   0.2267E-14
2787  2.7870   0.2262E-14
2788  2.7880   0.2256E-14
2789  2.7890   0.2251E-14
2790  2.7900   0.2245E-14
2791  2.7910   0.2240E-14
2792  2.7920   0.2235E-14
2793  2.7930   0.2229E-14
2794  2.7940   0.2224E-14
2795  2.7950   0.2218E-14
2796  2.7960   0.2213E-14
2797  2.7970   0.2207E-14
2798  2.7980   0.2202E-14
2799  2.7990   0.2197E-14
2800  2.8000   0.2191E-14
2801  2.8010   0.2186E-14
2802  2.8020   0.2180E-14
2803  2.8030   0.2175E-14
2804  2.8040   0.2170E-14
2805  2.8050   0.2164E-14
2806  2.8060   0.2159E-14
2807  2.8070   0.2153E-14
2808  2.8080   0.2148E-14
2809  2.8090   0.2142E-14
2810  2.8100   0.2137E-14
2811  2.8110   0.2132E-14
2812  2.8120   0.2126E-14
2813  2.8130   0.2121E-14
2814  2.8140   0.2115E-14
2815  2.8150   0.2110E-14
2816  2.8160   0.2105E-14
2817  2.8170   0.2099E-14
2818  2.8180   0.2094E-14
2819  2.8190   0.2089E-14
2820  2.8200   0.2083E-14
2821  2.8210   0.2078E-14
2822  2.8220   0.2072E-14
2823  2.8230   0.2067E-14
2824  2.8240   0.2062E-14
2825  2.8250   0.2056E-14
2826  2.8260   0.2051E-14
2827  2.8270   0.2045E-14
2828  2.8280   0.2040E-14
2829  2.8290   0.2035E-14
2830  2.8300   0.2029E-14
2831  2.8310   0.2024E-14
2832  2.8320   0.2019E-14
2833  2.8330   0.2013E-14
2834  2.8340   0.2008E-14
2835  2.8350   0.2003E-14
2836  2.8360   0.1997E-14
2837  2.8370   0.1992E-14
2838  2.8380   0.1986E-14
2839  2.8390   0.1981E-14
2840  2.8400   0.1976E-14
2841  2.8410   0.1970E-14
2842  2.8420   0.1965E-14
2843  2.8430   0.1960E-14
2844  2.8440   0.1954E-14
2845  2.8450   0.1949E-14
2846  2.8460   0.1944E-14
2847  2.8470   0.1938E-14
2848  2.8480   0.1933E-14
2849  2.8490   0.1928E-14
2850  2.8500   0.1922E-14
2851  2.8510   0.1917E-14
2852  2.8520   0.1912E-14
2853  2.8530   0.1906E-14
2854  2.8540   0.1901E-14
2855  2.8550   0.1896E-14
2856  2.8560   0.1891E-14
2857  2.8570   0.1885E-14
2858  2.8580   0.1880E-14
2859  2.8590   0.1875E-14
2860  2.8600   0.1869E-14
2861  2.8610   0.1864E-14
2862  2.8620   0.1859E-14
2863  2.8630   0.1853E-14
2864  2.8640   0.1848E-14
2865  2.8650   0.1843E-14
2866  2.8660   0.1838E-14
2867  2.8670   0.1832E-14
2868  2.8680   0.1827E-14
2869  2.8690   0.1822E-14
2870  2.8700   0.1817E-14
2871  2.8710   0.1811E-14
2872  2.8720   0.1806E-14
2873  2.8730   0.1801E-14
2874  2.8740   0.1796E-14
2875  2.8750   0.1790E-14
2876  2.8760   0.1785E-14
2877  2.8770   0.1780E-14
2878  2.8780   0.1775E-14
2879  2.8790   0.1769E-14
2880  2.8800   0.1764E-14
2881  2.8810   0.1759E-14
2882  2.8820   0.1754E-14
2883  2.8830   0.1748E-14
2884  2.8840   0.1743E-14
2885  2.8850   0.1738E-14
2886  2.8860   0.1733E-14
2887  2.8870   0.1728E-14
2888  2.8880   0.1722E-14
2889  2.8890   0.1717E-14
2890  2.8900   0.1712E-14
2891  2.8910   0.1707E-14
2892  2.8920   0.1702E-14
2893  2.8930   0.1697E-14
2894  2.8940   0.1691E-14
2895  2.8950   0.1686E-14
2896  2.8960   0.1681E-14
2897  2.8970   0.1676E-14
2898  2.8980   0.1671E-14
2899  2.8990   0.1666E-14
2900  2.9000   0.1661E-14
2901  2.9010   0.1655E-14
2902  2.9020   0.1650E-14
2903  2.9030   0.1645E-14
2904  2.9040   0.1640E-14
2905  2.9050   0.1635E-14
2906  2.9060   0.1630E-14
2907  2.9070   0.1625E-14
2908  2.9080   0.1620E-14
2909  2.9090   0.1615E-14
2910  2.9100   0.1609E-14
2911  2.9110   0.1604E-14
2912  2.9120   0.1599E-14
2913  2.9130   0.1594E-14
2914  2.9140   0.1589E-14
2915  2.9150   0.1584E-14
2916  2.9160   0.1579E-14
2917  2.9170   0.1574E-14
2918  2.9180   0.1569E-14
2919  2.9190   0.1564E-14
2920  2.9200   0.1559E-14
2921  2.9210   0.1554E-14
2922  2.9220   0.1549E-14
2923  2.9230   0.1544E-14
2924  2.9240   0.1539E-14
2925  2.9250   0.1534E-14
2926  2.9260   0.1529E-14
2927  2.9270   0.1524E-14
2928  2.9280   0.1519E-14
2929  2.9290   0.1514E-14
2930  2.9300   0.1509E-14
2931  2.9310   0.1505E-14
2932  2.9320   0.1500E-14
2933  2.9330   0.1495E-14
2934  2.9340   0.1490E-14
2935  2.9350   0.1485E-14
2936  2.9360   0.1480E-14
2937  2.9370   0.1475E-14
2938  2.9380   0.1471E-14
2939  2.9390   0.1466E-14
2940  2.9400   0.1461E-14
2941  2.9410   0.1456E-14
2942  2.9420   0.1451E-14
2943  2.9430   0.1447E-14
2944  2.9440   0.1442E-14
2945  2.9450   0.1437E-14
2946  2.9460   0.1433E-14
2947  2.9470   0.1428E-14
2948  2.9480   0.1423E-14
2949  2.9490   0.1419E-14
2950  2.9500   0.1414E-14
2951  2.9510   0.1409E-14
2952  2.9520   0.1405E-14
2953  2.9530   0.1400E-14
2954  2.9540   0.1396E-14
2955  2.9550   0.1391E-14
2956  2.9560   0.1386E-14
2957  2.9570   0.1382E-14
2958  2.9580   0.1378E-14
2959  2.9590   0.1373E-14
2960  2.9600   0.1369E-14
2961  2.9610   0.1364E-14
2962  2.9620   0.1361E-14
2963  2.9630   0.1356E-14
2964  2.9640   0.1351E-14
2965  2.9650   0.1348E-14
2966  2.9660   0.1342E-14
2967  2.9670   0.1340E-14
2968  2.9680   0.1334E-14
2969  2.9690   0.1331E-14
2970  2.9700   0.1326E-14
2971  2.9710   0.1322E-14
2972  2.9720   0.1320E-14
2973  2.9730   0.1314E-14
2974  2.9740   0.1312E-14
2975  2.9750   0.1305E-14
2976  2.9760   0.1304E-14
2977  2.9770   0.1297E-14
2978  2.9780   0.1297E-14
2979  2.9790   0.1290E-14
2980  2.9800   0.1289E-14
2981  2.9810   0.1285E-14
2982  2.9820   0.1280E-14
2983  2.9830   0.1280E-14
2984  2.9840   0.1271E-14
2985  2.9850   0.1270E-14
2986  2.9860   0.1268E-14
2987  2.9870   0.1259E-14
2988  2.9880   0.1257E-14
2989  2.9890   0.1255E-14
2990  2.9900   0.1259E-14
2991  2.9910   0.1255E-14
2992  2.9920   0.1251E-14
2993  2.9930   0.1237E-14
2994  2.9940   0.1237E-14
2995  2.9950   0.1514E-14
